init BB:  [[0], [1], [2], [3], [4], [5], [6], [7], [8], [9], [10], [11], [12], [13], [14], [15], [16], [17], [18], [19], [20], [21], [22], [23], [24], [25], [26], [27], [28], [29], [30], [31], [32], [33], [34], [35], [36], [37], [38], [39]] 531.508495181978 395081.0411815402
best_BB [[1], [3], [4], [5], [6], [7], [8], [9], [10], [11], [12], [13], [14], [15], [16], [17], [18], [19], [20], [21], [22], [23], [24], [25], [26], [27], [28], [29], [30], [31], [32], [33], [34], [35], [36], [37], [38], [39], [0, 2]] 395398.8542048641
best_BB [[1], [2], [3], [4], [5], [6], [8], [9], [10], [11], [12], [13], [14], [15], [16], [17], [18], [19], [20], [21], [22], [23], [24], [25], [26], [27], [28], [29], [30], [31], [32], [33], [34], [35], [36], [37], [38], [39], [0, 7]] 395374.7085595235
best_BB [[1], [2], [3], [4], [5], [6], [7], [8], [9], [10], [11], [12], [13], [14], [15], [16], [17], [18], [19], [20], [21], [22], [23], [24], [25], [26], [27], [28], [29], [30], [31], [32], [33], [34], [35], [36], [37], [38], [0, 39]] 395290.0853134171
best_BB [[0], [1], [3], [4], [5], [6], [7], [8], [9], [10], [11], [12], [13], [14], [15], [16], [17], [18], [19], [20], [21], [22], [23], [24], [25], [26], [27], [28], [29], [30], [31], [32], [33], [34], [35], [36], [37], [38], [2, 39]] 395154.397930269
best_BB [[0], [1], [2], [3], [4], [5], [6], [7], [8], [10], [11], [12], [14], [15], [16], [17], [18], [19], [20], [21], [22], [23], [24], [25], [26], [27], [28], [29], [30], [31], [32], [33], [34], [35], [36], [37], [38], [39], [9, 13]] 395124.94890226575
best_BB [[0], [1], [2], [3], [4], [5], [6], [7], [8], [9], [10], [11], [13], [14], [15], [16], [17], [18], [19], [20], [21], [22], [23], [24], [25], [26], [27], [28], [29], [30], [31], [33], [34], [35], [36], [37], [38], [39], [12, 32]] 391209.2337013953
best_BB [[0], [1], [2], [3], [4], [5], [6], [7], [8], [9], [10], [11], [12], [13], [14], [15], [16], [17], [18], [19], [21], [22], [23], [24], [25], [26], [27], [28], [29], [30], [31], [32], [33], [35], [36], [37], [38], [39], [20, 34]] 391153.9819434683
best mpm:  [[0], [1], [2], [3], [4], [5], [6], [7], [8], [9], [10], [11], [12], [13], [14], [15], [16], [17], [18], [19], [21], [22], [23], [24], [25], [26], [27], [28], [29], [30], [31], [32], [33], [35], [36], [37], [38], [39], [20, 34]]
init BB:  [[0], [1], [2], [3], [4], [5], [6], [7], [8], [9], [10], [11], [12], [13], [14], [15], [16], [17], [18], [19], [21], [22], [23], [24], [25], [26], [27], [28], [29], [30], [31], [32], [33], [35], [36], [37], [38], [39], [20, 34]] 544.7962075615275 390609.18573590677
best_BB [[1], [3], [4], [5], [6], [7], [8], [9], [10], [11], [12], [13], [14], [15], [16], [17], [18], [19], [21], [22], [23], [24], [25], [26], [27], [28], [29], [30], [31], [32], [33], [35], [36], [37], [38], [39], [20, 34], [0, 2]] 390940.2864716103
best_BB [[1], [2], [3], [4], [5], [6], [8], [9], [10], [11], [12], [13], [14], [15], [16], [17], [18], [19], [21], [22], [23], [24], [25], [26], [27], [28], [29], [30], [31], [32], [33], [35], [36], [37], [38], [39], [20, 34], [0, 7]] 390916.14082626975
best_BB [[1], [2], [3], [4], [5], [6], [7], [8], [9], [10], [11], [12], [13], [14], [15], [16], [17], [18], [19], [21], [22], [23], [24], [25], [26], [27], [28], [29], [30], [31], [32], [33], [35], [36], [37], [38], [20, 34], [0, 39]] 390831.51758016326
best_BB [[0], [1], [3], [4], [5], [6], [7], [8], [9], [10], [11], [12], [13], [14], [15], [16], [17], [18], [19], [21], [22], [23], [24], [25], [26], [27], [28], [29], [30], [31], [32], [33], [35], [36], [37], [38], [20, 34], [2, 39]] 390695.8301970153
best_BB [[0], [1], [2], [3], [4], [5], [6], [7], [8], [10], [11], [12], [14], [15], [16], [17], [18], [19], [21], [22], [23], [24], [25], [26], [27], [28], [29], [30], [31], [32], [33], [35], [36], [37], [38], [39], [20, 34], [9, 13]] 390666.38116901193
best_BB [[0], [1], [2], [3], [4], [5], [6], [7], [8], [9], [10], [11], [13], [14], [15], [16], [17], [18], [19], [21], [22], [23], [24], [25], [26], [27], [28], [29], [30], [31], [33], [35], [36], [37], [38], [39], [20, 34], [12, 32]] 386750.66596814146
best mpm:  [[0], [1], [2], [3], [4], [5], [6], [7], [8], [9], [10], [11], [13], [14], [15], [16], [17], [18], [19], [21], [22], [23], [24], [25], [26], [27], [28], [29], [30], [31], [33], [35], [36], [37], [38], [39], [20, 34], [12, 32]]
init BB:  [[0], [1], [2], [3], [4], [5], [6], [7], [8], [9], [10], [11], [13], [14], [15], [16], [17], [18], [19], [21], [22], [23], [24], [25], [26], [27], [28], [29], [30], [31], [33], [35], [36], [37], [38], [39], [20, 34], [12, 32]] 558.0839199410769 386192.58204820036
best_BB [[1], [3], [4], [5], [6], [7], [8], [9], [10], [11], [13], [14], [15], [16], [17], [18], [19], [21], [22], [23], [24], [25], [26], [27], [28], [29], [30], [31], [33], [35], [36], [37], [38], [39], [20, 34], [12, 32], [0, 2]] 386536.97049628344
best_BB [[1], [2], [3], [4], [5], [6], [8], [9], [10], [11], [13], [14], [15], [16], [17], [18], [19], [21], [22], [23], [24], [25], [26], [27], [28], [29], [30], [31], [33], [35], [36], [37], [38], [39], [20, 34], [12, 32], [0, 7]] 386512.8248509428
best_BB [[1], [2], [3], [4], [5], [6], [7], [8], [9], [10], [11], [13], [14], [15], [16], [17], [18], [19], [21], [22], [23], [24], [25], [26], [27], [28], [29], [30], [31], [33], [35], [36], [37], [38], [20, 34], [12, 32], [0, 39]] 386428.2016048364
best_BB [[0], [1], [3], [4], [5], [6], [7], [8], [9], [10], [11], [13], [14], [15], [16], [17], [18], [19], [21], [22], [23], [24], [25], [26], [27], [28], [29], [30], [31], [33], [35], [36], [37], [38], [20, 34], [12, 32], [2, 39]] 386292.51422168844
best_BB [[0], [1], [2], [3], [4], [5], [6], [7], [8], [10], [11], [14], [15], [16], [17], [18], [19], [21], [22], [23], [24], [25], [26], [27], [28], [29], [30], [31], [33], [35], [36], [37], [38], [39], [20, 34], [12, 32], [9, 13]] 386263.065193685
best_BB [[0], [1], [2], [3], [4], [5], [6], [7], [8], [9], [10], [11], [14], [15], [16], [17], [18], [19], [21], [22], [23], [24], [26], [27], [28], [29], [30], [31], [33], [35], [36], [37], [38], [39], [20, 34], [12, 32], [13, 25]] 386252.30142364005
best_BB [[0], [1], [2], [3], [4], [5], [6], [7], [8], [9], [10], [11], [13], [14], [15], [16], [17], [18], [19], [21], [22], [23], [24], [25], [26], [27], [30], [31], [33], [35], [36], [37], [38], [39], [20, 34], [12, 32], [28, 29]] 382396.78624115064
best mpm:  [[0], [1], [2], [3], [4], [5], [6], [7], [8], [9], [10], [11], [13], [14], [15], [16], [17], [18], [19], [21], [22], [23], [24], [25], [26], [27], [30], [31], [33], [35], [36], [37], [38], [39], [20, 34], [12, 32], [28, 29]]
init BB:  [[0], [1], [2], [3], [4], [5], [6], [7], [8], [9], [10], [11], [13], [14], [15], [16], [17], [18], [19], [21], [22], [23], [24], [25], [26], [27], [30], [31], [33], [35], [36], [37], [38], [39], [20, 34], [12, 32], [28, 29]] 571.3716323206264 381825.41460883
best_BB [[1], [3], [4], [5], [6], [7], [8], [9], [10], [11], [13], [14], [15], [16], [17], [18], [19], [21], [22], [23], [24], [25], [26], [27], [30], [31], [33], [35], [36], [37], [38], [39], [20, 34], [12, 32], [28, 29], [0, 2]] 382183.09076929267
best_BB [[1], [2], [3], [4], [5], [6], [8], [9], [10], [11], [13], [14], [15], [16], [17], [18], [19], [21], [22], [23], [24], [25], [26], [27], [30], [31], [33], [35], [36], [37], [38], [39], [20, 34], [12, 32], [28, 29], [0, 7]] 382158.94512395206
best_BB [[1], [2], [3], [4], [5], [6], [7], [8], [9], [10], [11], [13], [14], [15], [16], [17], [18], [19], [21], [22], [23], [24], [25], [26], [27], [30], [31], [33], [35], [36], [37], [38], [20, 34], [12, 32], [28, 29], [0, 39]] 382074.32187784556
best_BB [[0], [1], [3], [4], [5], [6], [7], [8], [9], [10], [11], [13], [14], [15], [16], [17], [18], [19], [21], [22], [23], [24], [25], [26], [27], [30], [31], [33], [35], [36], [37], [38], [20, 34], [12, 32], [28, 29], [2, 39]] 381938.6344946976
best_BB [[0], [1], [2], [3], [4], [5], [6], [7], [8], [10], [11], [14], [15], [16], [17], [18], [19], [21], [22], [23], [24], [25], [26], [27], [30], [31], [33], [35], [36], [37], [38], [39], [20, 34], [12, 32], [28, 29], [9, 13]] 381909.18546669424
best_BB [[0], [1], [2], [3], [4], [5], [6], [7], [8], [9], [10], [11], [14], [15], [16], [17], [18], [19], [21], [22], [23], [24], [26], [27], [30], [31], [33], [35], [36], [37], [38], [39], [20, 34], [12, 32], [28, 29], [13, 25]] 381898.4216966493
best mpm:  [[0], [1], [2], [3], [4], [5], [6], [7], [8], [9], [10], [11], [14], [15], [16], [17], [18], [19], [21], [22], [23], [24], [26], [27], [30], [31], [33], [35], [36], [37], [38], [39], [20, 34], [12, 32], [28, 29], [13, 25]]
init BB:  [[0], [1], [2], [3], [4], [5], [6], [7], [8], [9], [10], [11], [14], [15], [16], [17], [18], [19], [21], [22], [23], [24], [26], [27], [30], [31], [33], [35], [36], [37], [38], [39], [20, 34], [12, 32], [28, 29], [13, 25]] 584.6593447001758 381313.7623519491
best_BB [[1], [3], [4], [5], [6], [7], [8], [9], [10], [11], [14], [15], [16], [17], [18], [19], [21], [22], [23], [24], [26], [27], [30], [31], [33], [35], [36], [37], [38], [39], [20, 34], [12, 32], [28, 29], [13, 25], [0, 2]] 381684.72622479126
best_BB [[1], [2], [3], [4], [5], [6], [8], [9], [10], [11], [14], [15], [16], [17], [18], [19], [21], [22], [23], [24], [26], [27], [30], [31], [33], [35], [36], [37], [38], [39], [20, 34], [12, 32], [28, 29], [13, 25], [0, 7]] 381660.5805794507
best_BB [[1], [2], [3], [4], [5], [6], [7], [8], [9], [10], [11], [14], [15], [16], [17], [18], [19], [21], [22], [23], [24], [26], [27], [30], [31], [33], [35], [36], [37], [38], [20, 34], [12, 32], [28, 29], [13, 25], [0, 39]] 381575.9573333442
best_BB [[0], [1], [3], [4], [5], [6], [7], [8], [9], [10], [11], [14], [15], [16], [17], [18], [19], [21], [22], [23], [24], [26], [27], [30], [31], [33], [35], [36], [37], [38], [20, 34], [12, 32], [28, 29], [13, 25], [2, 39]] 381440.26995019626
best_BB [[0], [1], [2], [3], [4], [5], [6], [7], [8], [10], [11], [14], [16], [17], [18], [19], [21], [22], [23], [24], [26], [27], [30], [31], [33], [35], [36], [37], [38], [39], [20, 34], [12, 32], [28, 29], [13, 25], [9, 15]] 381426.01163702743
best_BB [[0], [1], [2], [3], [4], [5], [6], [7], [8], [10], [11], [14], [15], [16], [17], [18], [19], [21], [22], [23], [24], [26], [27], [30], [31], [33], [35], [36], [37], [38], [39], [20, 34], [12, 32], [28, 29], [9, 13, 25]] 380251.73611097597
best mpm:  [[0], [1], [2], [3], [4], [5], [6], [7], [8], [10], [11], [14], [15], [16], [17], [18], [19], [21], [22], [23], [24], [26], [27], [30], [31], [33], [35], [36], [37], [38], [39], [20, 34], [12, 32], [28, 29], [9, 13, 25]]
init BB:  [[0], [1], [2], [3], [4], [5], [6], [7], [8], [10], [11], [14], [15], [16], [17], [18], [19], [21], [22], [23], [24], [26], [27], [30], [31], [33], [35], [36], [37], [38], [39], [20, 34], [12, 32], [28, 29], [9, 13, 25]] 624.5224818388242 379627.21362913714
best_BB [[1], [3], [4], [5], [6], [7], [8], [10], [11], [14], [15], [16], [17], [18], [19], [21], [22], [23], [24], [26], [27], [30], [31], [33], [35], [36], [37], [38], [39], [20, 34], [12, 32], [28, 29], [9, 13, 25], [0, 2]] 380038.0406391179
best_BB [[1], [2], [3], [4], [5], [6], [8], [10], [11], [14], [15], [16], [17], [18], [19], [21], [22], [23], [24], [26], [27], [30], [31], [33], [35], [36], [37], [38], [39], [20, 34], [12, 32], [28, 29], [9, 13, 25], [0, 7]] 380013.89499377727
best_BB [[1], [2], [3], [4], [5], [6], [7], [8], [10], [11], [14], [15], [16], [17], [18], [19], [21], [22], [23], [24], [26], [27], [30], [31], [33], [35], [36], [37], [38], [20, 34], [12, 32], [28, 29], [9, 13, 25], [0, 39]] 379929.27174767083
best_BB [[0], [1], [3], [4], [5], [6], [7], [8], [10], [11], [14], [15], [16], [17], [18], [19], [21], [22], [23], [24], [26], [27], [30], [31], [33], [35], [36], [37], [38], [20, 34], [12, 32], [28, 29], [9, 13, 25], [2, 39]] 379793.5843645229
best_BB [[0], [1], [2], [3], [4], [5], [6], [7], [8], [10], [11], [14], [16], [17], [18], [19], [21], [22], [23], [24], [26], [27], [30], [31], [33], [35], [36], [37], [38], [39], [20, 34], [12, 32], [28, 29], [9, 13, 15, 25]] 377828.4139689198
best mpm:  [[0], [1], [2], [3], [4], [5], [6], [7], [8], [10], [11], [14], [16], [17], [18], [19], [21], [22], [23], [24], [26], [27], [30], [31], [33], [35], [36], [37], [38], [39], [20, 34], [12, 32], [28, 29], [9, 13, 15, 25]]
init BB:  [[0], [1], [2], [3], [4], [5], [6], [7], [8], [10], [11], [14], [16], [17], [18], [19], [21], [22], [23], [24], [26], [27], [30], [31], [33], [35], [36], [37], [38], [39], [20, 34], [12, 32], [28, 29], [9, 13, 15, 25]] 717.5364684956703 377110.8775004241
best_BB [[1], [3], [4], [5], [6], [7], [8], [10], [11], [14], [16], [17], [18], [19], [21], [22], [23], [24], [26], [27], [30], [31], [33], [35], [36], [37], [38], [39], [20, 34], [12, 32], [28, 29], [9, 13, 15, 25], [0, 2]] 377614.71849706175
best_BB [[1], [2], [3], [4], [5], [6], [8], [10], [11], [14], [16], [17], [18], [19], [21], [22], [23], [24], [26], [27], [30], [31], [33], [35], [36], [37], [38], [39], [20, 34], [12, 32], [28, 29], [9, 13, 15, 25], [0, 7]] 377590.5728517211
best_BB [[1], [2], [3], [4], [5], [6], [7], [8], [10], [11], [14], [16], [17], [18], [19], [21], [22], [23], [24], [26], [27], [30], [31], [33], [35], [36], [37], [38], [20, 34], [12, 32], [28, 29], [9, 13, 15, 25], [0, 39]] 377505.9496056147
best_BB [[0], [1], [3], [4], [5], [6], [7], [8], [10], [11], [14], [16], [17], [18], [19], [21], [22], [23], [24], [26], [27], [30], [31], [33], [35], [36], [37], [38], [20, 34], [12, 32], [28, 29], [9, 13, 15, 25], [2, 39]] 377370.26222246676
best_BB [[0], [1], [2], [3], [4], [5], [6], [7], [8], [10], [11], [14], [16], [18], [19], [21], [23], [24], [26], [27], [30], [31], [33], [35], [36], [37], [38], [39], [20, 34], [12, 32], [28, 29], [9, 13, 15, 25], [17, 22]] 377340.57259798894
best mpm:  [[0], [1], [2], [3], [4], [5], [6], [7], [8], [10], [11], [14], [16], [18], [19], [21], [23], [24], [26], [27], [30], [31], [33], [35], [36], [37], [38], [39], [20, 34], [12, 32], [28, 29], [9, 13, 15, 25], [17, 22]]
init BB:  [[0], [1], [2], [3], [4], [5], [6], [7], [8], [10], [11], [14], [16], [18], [19], [21], [23], [24], [26], [27], [30], [31], [33], [35], [36], [37], [38], [39], [20, 34], [12, 32], [28, 29], [9, 13, 15, 25], [17, 22]] 730.8241808752198 376609.74841711373
best_BB [[1], [3], [4], [5], [6], [7], [8], [10], [11], [14], [16], [18], [19], [21], [23], [24], [26], [27], [30], [31], [33], [35], [36], [37], [38], [39], [20, 34], [12, 32], [28, 29], [9, 13, 15, 25], [17, 22], [0, 2]] 377126.877126131
best_BB [[1], [2], [3], [4], [5], [6], [8], [10], [11], [14], [16], [18], [19], [21], [23], [24], [26], [27], [30], [31], [33], [35], [36], [37], [38], [39], [20, 34], [12, 32], [28, 29], [9, 13, 15, 25], [17, 22], [0, 7]] 377102.73148079036
best_BB [[1], [2], [3], [4], [5], [6], [7], [8], [10], [11], [14], [16], [18], [19], [21], [23], [24], [26], [27], [30], [31], [33], [35], [36], [37], [38], [20, 34], [12, 32], [28, 29], [9, 13, 15, 25], [17, 22], [0, 39]] 377018.1082346839
best_BB [[0], [1], [3], [4], [5], [6], [7], [8], [10], [11], [14], [16], [18], [19], [21], [23], [24], [26], [27], [30], [31], [33], [35], [36], [37], [38], [20, 34], [12, 32], [28, 29], [9, 13, 15, 25], [17, 22], [2, 39]] 376882.42085153586
best_BB [[0], [1], [2], [3], [4], [5], [7], [8], [10], [11], [14], [16], [18], [19], [21], [23], [24], [26], [27], [30], [31], [33], [35], [36], [37], [38], [39], [20, 34], [12, 32], [28, 29], [9, 13, 15, 25], [6, 17, 22]] 376110.7961442561
best_BB [[0], [1], [2], [3], [4], [5], [6], [7], [8], [10], [11], [16], [18], [19], [21], [23], [24], [26], [27], [30], [31], [33], [35], [36], [37], [38], [39], [20, 34], [12, 32], [28, 29], [9, 13, 15, 25], [14, 17, 22]] 375984.3897168867
best mpm:  [[0], [1], [2], [3], [4], [5], [6], [7], [8], [10], [11], [16], [18], [19], [21], [23], [24], [26], [27], [30], [31], [33], [35], [36], [37], [38], [39], [20, 34], [12, 32], [28, 29], [9, 13, 15, 25], [14, 17, 22]]
init BB:  [[0], [1], [2], [3], [4], [5], [6], [7], [8], [10], [11], [16], [18], [19], [21], [23], [24], [26], [27], [30], [31], [33], [35], [36], [37], [38], [39], [20, 34], [12, 32], [28, 29], [9, 13, 15, 25], [14, 17, 22]] 770.6873180138681 375213.7023988728
best_BB [[1], [3], [4], [5], [6], [7], [8], [10], [11], [16], [18], [19], [21], [23], [24], [26], [27], [30], [31], [33], [35], [36], [37], [38], [39], [20, 34], [12, 32], [28, 29], [9, 13, 15, 25], [14, 17, 22], [0, 2]] 375770.69424502866
best_BB [[1], [2], [3], [4], [5], [6], [8], [10], [11], [16], [18], [19], [21], [23], [24], [26], [27], [30], [31], [33], [35], [36], [37], [38], [39], [20, 34], [12, 32], [28, 29], [9, 13, 15, 25], [14, 17, 22], [0, 7]] 375746.5485996881
best_BB [[1], [2], [3], [4], [5], [6], [7], [8], [10], [11], [16], [18], [19], [21], [23], [24], [26], [27], [30], [31], [33], [35], [36], [37], [38], [20, 34], [12, 32], [28, 29], [9, 13, 15, 25], [14, 17, 22], [0, 39]] 375661.9253535816
best_BB [[0], [1], [3], [4], [5], [6], [7], [8], [10], [11], [16], [18], [19], [21], [23], [24], [26], [27], [30], [31], [33], [35], [36], [37], [38], [20, 34], [12, 32], [28, 29], [9, 13, 15, 25], [14, 17, 22], [2, 39]] 375526.23797043366
best_BB [[0], [1], [2], [3], [4], [5], [7], [8], [10], [11], [16], [18], [19], [21], [23], [24], [26], [27], [30], [31], [33], [35], [36], [37], [38], [39], [20, 34], [12, 32], [28, 29], [9, 13, 15, 25], [6, 14, 17, 22]] 373945.9566641178
best mpm:  [[0], [1], [2], [3], [4], [5], [7], [8], [10], [11], [16], [18], [19], [21], [23], [24], [26], [27], [30], [31], [33], [35], [36], [37], [38], [39], [20, 34], [12, 32], [28, 29], [9, 13, 15, 25], [6, 14, 17, 22]]
init BB:  [[0], [1], [2], [3], [4], [5], [7], [8], [10], [11], [16], [18], [19], [21], [23], [24], [26], [27], [30], [31], [33], [35], [36], [37], [38], [39], [20, 34], [12, 32], [28, 29], [9, 13, 15, 25], [6, 14, 17, 22]] 863.7013046707143 373082.2553594471
best_BB [[1], [3], [4], [5], [7], [8], [10], [11], [16], [18], [19], [21], [23], [24], [26], [27], [30], [31], [33], [35], [36], [37], [38], [39], [20, 34], [12, 32], [28, 29], [9, 13, 15, 25], [6, 14, 17, 22], [0, 2]] 373732.2611922597
best_BB [[1], [2], [3], [4], [5], [8], [10], [11], [16], [18], [19], [21], [23], [24], [26], [27], [30], [31], [33], [35], [36], [37], [38], [39], [20, 34], [12, 32], [28, 29], [9, 13, 15, 25], [6, 14, 17, 22], [0, 7]] 373708.1155469192
best_BB [[1], [2], [3], [4], [5], [7], [8], [10], [11], [16], [18], [19], [21], [23], [24], [26], [27], [30], [31], [33], [35], [36], [37], [38], [20, 34], [12, 32], [28, 29], [9, 13, 15, 25], [6, 14, 17, 22], [0, 39]] 373623.49230081274
best_BB [[0], [1], [3], [4], [5], [7], [8], [10], [11], [16], [18], [19], [21], [23], [24], [26], [27], [30], [31], [33], [35], [36], [37], [38], [20, 34], [12, 32], [28, 29], [9, 13, 15, 25], [6, 14, 17, 22], [2, 39]] 373487.8049176647
best mpm:  [[0], [1], [3], [4], [5], [7], [8], [10], [11], [16], [18], [19], [21], [23], [24], [26], [27], [30], [31], [33], [35], [36], [37], [38], [20, 34], [12, 32], [28, 29], [9, 13, 15, 25], [6, 14, 17, 22], [2, 39]]
init BB:  [[0], [1], [3], [4], [5], [7], [8], [10], [11], [16], [18], [19], [21], [23], [24], [26], [27], [30], [31], [33], [35], [36], [37], [38], [20, 34], [12, 32], [28, 29], [9, 13, 15, 25], [6, 14, 17, 22], [2, 39]] 876.9890170502638 372610.8159006144
best_BB [[1], [3], [4], [5], [8], [10], [11], [16], [18], [19], [21], [23], [24], [26], [27], [30], [31], [33], [35], [36], [37], [38], [20, 34], [12, 32], [28, 29], [9, 13, 15, 25], [6, 14, 17, 22], [2, 39], [0, 7]] 373249.9638004662
best_BB [[1], [3], [4], [5], [7], [8], [10], [11], [16], [18], [19], [21], [23], [24], [26], [27], [30], [31], [33], [35], [36], [37], [38], [20, 34], [12, 32], [28, 29], [9, 13, 15, 25], [6, 14, 17, 22], [0, 2, 39]] 372851.08581791853
best mpm:  [[1], [3], [4], [5], [7], [8], [10], [11], [16], [18], [19], [21], [23], [24], [26], [27], [30], [31], [33], [35], [36], [37], [38], [20, 34], [12, 32], [28, 29], [9, 13, 15, 25], [6, 14, 17, 22], [0, 2, 39]]
init BB:  [[1], [3], [4], [5], [7], [8], [10], [11], [16], [18], [19], [21], [23], [24], [26], [27], [30], [31], [33], [35], [36], [37], [38], [20, 34], [12, 32], [28, 29], [9, 13, 15, 25], [6, 14, 17, 22], [0, 2, 39]] 916.8521541889121 371934.2336637296
best_BB [[3], [4], [7], [8], [10], [11], [16], [18], [19], [21], [23], [24], [26], [27], [30], [31], [33], [35], [36], [37], [38], [20, 34], [12, 32], [28, 29], [9, 13, 15, 25], [6, 14, 17, 22], [0, 2, 39], [1, 5]] 372566.0104686456
best_BB [[3], [4], [5], [7], [8], [10], [11], [16], [19], [21], [23], [24], [26], [27], [30], [31], [33], [35], [36], [37], [38], [20, 34], [12, 32], [28, 29], [9, 13, 15, 25], [6, 14, 17, 22], [0, 2, 39], [1, 18]] 372551.68831424107
best_BB [[1], [3], [5], [7], [8], [10], [11], [16], [18], [19], [23], [24], [26], [27], [30], [31], [33], [35], [36], [37], [38], [20, 34], [12, 32], [28, 29], [9, 13, 15, 25], [6, 14, 17, 22], [0, 2, 39], [4, 21]] 372510.4630711854
best_BB [[1], [3], [5], [7], [8], [10], [11], [16], [18], [19], [21], [23], [24], [26], [27], [30], [31], [33], [35], [36], [38], [20, 34], [12, 32], [28, 29], [9, 13, 15, 25], [6, 14, 17, 22], [0, 2, 39], [4, 37]] 372483.299145179
best_BB [[1], [3], [4], [5], [8], [10], [11], [16], [18], [19], [21], [23], [24], [26], [27], [30], [31], [33], [35], [36], [37], [38], [20, 34], [12, 32], [28, 29], [9, 13, 15, 25], [6, 14, 17, 22], [0, 2, 7, 39]] 372169.61858603446
best mpm:  [[1], [3], [4], [5], [8], [10], [11], [16], [18], [19], [21], [23], [24], [26], [27], [30], [31], [33], [35], [36], [37], [38], [20, 34], [12, 32], [28, 29], [9, 13, 15, 25], [6, 14, 17, 22], [0, 2, 7, 39]]
init BB:  [[1], [3], [4], [5], [8], [10], [11], [16], [18], [19], [21], [23], [24], [26], [27], [30], [31], [33], [35], [36], [37], [38], [20, 34], [12, 32], [28, 29], [9, 13, 15, 25], [6, 14, 17, 22], [0, 2, 7, 39]] 1009.8661408457582 371159.7524451887
best_BB [[3], [4], [8], [10], [11], [16], [18], [19], [21], [23], [24], [26], [27], [30], [31], [33], [35], [36], [37], [38], [20, 34], [12, 32], [28, 29], [9, 13, 15, 25], [6, 14, 17, 22], [0, 2, 7, 39], [1, 5]] 371884.5432367616
best_BB [[3], [4], [5], [8], [10], [11], [16], [19], [21], [23], [24], [26], [27], [30], [31], [33], [35], [36], [37], [38], [20, 34], [12, 32], [28, 29], [9, 13, 15, 25], [6, 14, 17, 22], [0, 2, 7, 39], [1, 18]] 371870.221082357
best_BB [[1], [3], [5], [8], [10], [11], [16], [18], [19], [23], [24], [26], [27], [30], [31], [33], [35], [36], [37], [38], [20, 34], [12, 32], [28, 29], [9, 13, 15, 25], [6, 14, 17, 22], [0, 2, 7, 39], [4, 21]] 371828.9958393012
best_BB [[1], [3], [5], [8], [10], [11], [16], [18], [19], [21], [23], [24], [26], [27], [30], [31], [33], [35], [36], [38], [20, 34], [12, 32], [28, 29], [9, 13, 15, 25], [6, 14, 17, 22], [0, 2, 7, 39], [4, 37]] 371801.83191329485
best_BB [[1], [3], [4], [5], [8], [11], [16], [18], [19], [21], [23], [24], [26], [27], [30], [31], [33], [35], [36], [37], [38], [20, 34], [12, 32], [28, 29], [9, 13, 15, 25], [6, 14, 17, 22], [0, 2, 7, 10, 39]] 371116.8056315183
best mpm:  [[1], [3], [4], [5], [8], [11], [16], [18], [19], [21], [23], [24], [26], [27], [30], [31], [33], [35], [36], [37], [38], [20, 34], [12, 32], [28, 29], [9, 13, 15, 25], [6, 14, 17, 22], [0, 2, 7, 10, 39]]
init BB:  [[1], [3], [4], [5], [8], [11], [16], [18], [19], [21], [23], [24], [26], [27], [30], [31], [33], [35], [36], [37], [38], [20, 34], [12, 32], [28, 29], [9, 13, 15, 25], [6, 14, 17, 22], [0, 2, 7, 10, 39]] 1209.181826539 369907.6238049793
best_BB [[3], [4], [8], [11], [16], [18], [19], [21], [23], [24], [26], [27], [30], [31], [33], [35], [36], [37], [38], [20, 34], [12, 32], [28, 29], [9, 13, 15, 25], [6, 14, 17, 22], [0, 2, 7, 10, 39], [1, 5]] 370831.7302822455
best_BB [[3], [4], [5], [8], [11], [16], [19], [21], [23], [24], [26], [27], [30], [31], [33], [35], [36], [37], [38], [20, 34], [12, 32], [28, 29], [9, 13, 15, 25], [6, 14, 17, 22], [0, 2, 7, 10, 39], [1, 18]] 370817.4081278409
best_BB [[1], [3], [5], [8], [11], [16], [18], [19], [23], [24], [26], [27], [30], [31], [33], [35], [36], [37], [38], [20, 34], [12, 32], [28, 29], [9, 13, 15, 25], [6, 14, 17, 22], [0, 2, 7, 10, 39], [4, 21]] 370776.18288478523
best_BB [[1], [3], [5], [8], [11], [16], [18], [19], [21], [23], [24], [26], [27], [30], [31], [33], [35], [36], [38], [20, 34], [12, 32], [28, 29], [9, 13, 15, 25], [6, 14, 17, 22], [0, 2, 7, 10, 39], [4, 37]] 370749.01895877876
best_BB [[1], [3], [4], [5], [8], [11], [16], [18], [19], [21], [23], [24], [26], [27], [30], [31], [35], [37], [38], [20, 34], [12, 32], [28, 29], [9, 13, 15, 25], [6, 14, 17, 22], [0, 2, 7, 10, 39], [33, 36]] 370708.4028848966
best mpm:  [[1], [3], [4], [5], [8], [11], [16], [18], [19], [21], [23], [24], [26], [27], [30], [31], [35], [37], [38], [20, 34], [12, 32], [28, 29], [9, 13, 15, 25], [6, 14, 17, 22], [0, 2, 7, 10, 39], [33, 36]]
init BB:  [[1], [3], [4], [5], [8], [11], [16], [18], [19], [21], [23], [24], [26], [27], [30], [31], [35], [37], [38], [20, 34], [12, 32], [28, 29], [9, 13, 15, 25], [6, 14, 17, 22], [0, 2, 7, 10, 39], [33, 36]] 1222.4695389185495 369485.9333459781
best_BB [[3], [4], [8], [11], [16], [18], [19], [21], [23], [24], [26], [27], [30], [31], [35], [37], [38], [20, 34], [12, 32], [28, 29], [9, 13, 15, 25], [6, 14, 17, 22], [0, 2, 7, 10, 39], [33, 36], [1, 5]] 370423.32753562386
best_BB [[3], [4], [5], [8], [11], [16], [19], [21], [23], [24], [26], [27], [30], [31], [35], [37], [38], [20, 34], [12, 32], [28, 29], [9, 13, 15, 25], [6, 14, 17, 22], [0, 2, 7, 10, 39], [33, 36], [1, 18]] 370409.00538121926
best_BB [[1], [4], [5], [8], [11], [16], [18], [19], [21], [23], [24], [26], [27], [30], [31], [35], [37], [38], [20, 34], [12, 32], [28, 29], [9, 13, 15, 25], [6, 14, 17, 22], [0, 2, 7, 10, 39], [3, 33, 36]] 370277.1751104629
best_BB [[1], [3], [4], [5], [8], [11], [16], [18], [19], [21], [23], [24], [26], [27], [30], [31], [35], [37], [20, 34], [12, 32], [28, 29], [9, 13, 15, 25], [6, 14, 17, 22], [0, 2, 7, 10, 39], [33, 36, 38]] 370174.3319593717
best mpm:  [[1], [3], [4], [5], [8], [11], [16], [18], [19], [21], [23], [24], [26], [27], [30], [31], [35], [37], [20, 34], [12, 32], [28, 29], [9, 13, 15, 25], [6, 14, 17, 22], [0, 2, 7, 10, 39], [33, 36, 38]]
init BB:  [[1], [3], [4], [5], [8], [11], [16], [18], [19], [21], [23], [24], [26], [27], [30], [31], [35], [37], [20, 34], [12, 32], [28, 29], [9, 13, 15, 25], [6, 14, 17, 22], [0, 2, 7, 10, 39], [33, 36, 38]] 1262.332676057198 368911.9992833145
best_BB [[3], [4], [8], [11], [16], [18], [19], [21], [23], [24], [26], [27], [30], [31], [35], [37], [20, 34], [12, 32], [28, 29], [9, 13, 15, 25], [6, 14, 17, 22], [0, 2, 7, 10, 39], [33, 36, 38], [1, 5]] 369889.25661009894
best_BB [[3], [4], [5], [8], [11], [16], [19], [21], [23], [24], [26], [27], [30], [31], [35], [37], [20, 34], [12, 32], [28, 29], [9, 13, 15, 25], [6, 14, 17, 22], [0, 2, 7, 10, 39], [33, 36, 38], [1, 18]] 369874.93445569434
best_BB [[1], [4], [5], [8], [11], [16], [18], [19], [21], [23], [24], [26], [27], [30], [31], [35], [37], [20, 34], [12, 32], [28, 29], [9, 13, 15, 25], [6, 14, 17, 22], [0, 2, 7, 10, 39], [3, 33, 36, 38]] 369574.77218955575
best mpm:  [[1], [4], [5], [8], [11], [16], [18], [19], [21], [23], [24], [26], [27], [30], [31], [35], [37], [20, 34], [12, 32], [28, 29], [9, 13, 15, 25], [6, 14, 17, 22], [0, 2, 7, 10, 39], [3, 33, 36, 38]]
init BB:  [[1], [4], [5], [8], [11], [16], [18], [19], [21], [23], [24], [26], [27], [30], [31], [35], [37], [20, 34], [12, 32], [28, 29], [9, 13, 15, 25], [6, 14, 17, 22], [0, 2, 7, 10, 39], [3, 33, 36, 38]] 1355.346662714044 368219.4255268417
best_BB [[4], [8], [11], [16], [18], [19], [21], [23], [24], [26], [27], [30], [31], [35], [37], [20, 34], [12, 32], [28, 29], [9, 13, 15, 25], [6, 14, 17, 22], [0, 2, 7, 10, 39], [3, 33, 36, 38], [1, 5]] 369289.69684028294
best_BB [[4], [5], [8], [11], [16], [19], [21], [23], [24], [26], [27], [30], [31], [35], [37], [20, 34], [12, 32], [28, 29], [9, 13, 15, 25], [6, 14, 17, 22], [0, 2, 7, 10, 39], [3, 33, 36, 38], [1, 18]] 369275.37468587846
best_BB [[1], [5], [8], [11], [16], [18], [19], [23], [24], [26], [27], [30], [31], [35], [37], [20, 34], [12, 32], [28, 29], [9, 13, 15, 25], [6, 14, 17, 22], [0, 2, 7, 10, 39], [3, 33, 36, 38], [4, 21]] 369234.14944282273
best_BB [[1], [5], [8], [11], [16], [18], [19], [21], [23], [24], [26], [27], [30], [31], [35], [20, 34], [12, 32], [28, 29], [9, 13, 15, 25], [6, 14, 17, 22], [0, 2, 7, 10, 39], [3, 33, 36, 38], [4, 37]] 369206.98551681626
best_BB [[1], [4], [5], [8], [11], [16], [18], [19], [21], [24], [26], [27], [30], [31], [35], [37], [20, 34], [12, 32], [28, 29], [9, 13, 15, 25], [6, 14, 17, 22], [0, 2, 7, 10, 39], [3, 23, 33, 36, 38]] 368696.266424746
best mpm:  [[1], [4], [5], [8], [11], [16], [18], [19], [21], [24], [26], [27], [30], [31], [35], [37], [20, 34], [12, 32], [28, 29], [9, 13, 15, 25], [6, 14, 17, 22], [0, 2, 7, 10, 39], [3, 23, 33, 36, 38]]
init BB:  [[1], [4], [5], [8], [11], [16], [18], [19], [21], [24], [26], [27], [30], [31], [35], [37], [20, 34], [12, 32], [28, 29], [9, 13, 15, 25], [6, 14, 17, 22], [0, 2, 7, 10, 39], [3, 23, 33, 36, 38]] 1554.6623484072857 367141.60407633876
best_BB [[4], [8], [11], [16], [18], [19], [21], [24], [26], [27], [30], [31], [35], [37], [20, 34], [12, 32], [28, 29], [9, 13, 15, 25], [6, 14, 17, 22], [0, 2, 7, 10, 39], [3, 23, 33, 36, 38], [1, 5]] 368411.19107547303
best_BB [[4], [5], [8], [11], [16], [19], [21], [24], [26], [27], [30], [31], [35], [37], [20, 34], [12, 32], [28, 29], [9, 13, 15, 25], [6, 14, 17, 22], [0, 2, 7, 10, 39], [3, 23, 33, 36, 38], [1, 18]] 368396.8689210687
best_BB [[1], [5], [8], [11], [16], [18], [19], [24], [26], [27], [30], [31], [35], [37], [20, 34], [12, 32], [28, 29], [9, 13, 15, 25], [6, 14, 17, 22], [0, 2, 7, 10, 39], [3, 23, 33, 36, 38], [4, 21]] 368355.64367801306
best_BB [[1], [5], [8], [11], [16], [18], [19], [21], [24], [26], [27], [30], [31], [35], [20, 34], [12, 32], [28, 29], [9, 13, 15, 25], [6, 14, 17, 22], [0, 2, 7, 10, 39], [3, 23, 33, 36, 38], [4, 37]] 368328.47975200653
best mpm:  [[1], [5], [8], [11], [16], [18], [19], [21], [24], [26], [27], [30], [31], [35], [20, 34], [12, 32], [28, 29], [9, 13, 15, 25], [6, 14, 17, 22], [0, 2, 7, 10, 39], [3, 23, 33, 36, 38], [4, 37]]
init BB:  [[1], [5], [8], [11], [16], [18], [19], [21], [24], [26], [27], [30], [31], [35], [20, 34], [12, 32], [28, 29], [9, 13, 15, 25], [6, 14, 17, 22], [0, 2, 7, 10, 39], [3, 23, 33, 36, 38], [4, 37]] 1567.9500607868351 366760.5296912197
best_BB [[8], [11], [16], [18], [19], [21], [24], [26], [27], [30], [31], [35], [20, 34], [12, 32], [28, 29], [9, 13, 15, 25], [6, 14, 17, 22], [0, 2, 7, 10, 39], [3, 23, 33, 36, 38], [4, 37], [1, 5]] 368043.4044027335
best_BB [[5], [8], [11], [16], [19], [21], [24], [26], [27], [30], [31], [35], [20, 34], [12, 32], [28, 29], [9, 13, 15, 25], [6, 14, 17, 22], [0, 2, 7, 10, 39], [3, 23, 33, 36, 38], [4, 37], [1, 18]] 368029.0822483292
best_BB [[1], [5], [8], [11], [16], [18], [21], [24], [26], [27], [30], [31], [35], [20, 34], [12, 32], [28, 29], [9, 13, 15, 25], [6, 14, 17, 22], [0, 2, 7, 10, 39], [3, 23, 33, 36, 38], [4, 19, 37]] 367793.2725981169
best_BB [[1], [5], [8], [11], [16], [18], [19], [24], [26], [27], [30], [31], [35], [20, 34], [12, 32], [28, 29], [9, 13, 15, 25], [6, 14, 17, 22], [0, 2, 7, 10, 39], [3, 23, 33, 36, 38], [4, 21, 37]] 367729.0841878376
best mpm:  [[1], [5], [8], [11], [16], [18], [19], [24], [26], [27], [30], [31], [35], [20, 34], [12, 32], [28, 29], [9, 13, 15, 25], [6, 14, 17, 22], [0, 2, 7, 10, 39], [3, 23, 33, 36, 38], [4, 21, 37]]
init BB:  [[1], [5], [8], [11], [16], [18], [19], [24], [26], [27], [30], [31], [35], [20, 34], [12, 32], [28, 29], [9, 13, 15, 25], [6, 14, 17, 22], [0, 2, 7, 10, 39], [3, 23, 33, 36, 38], [4, 21, 37]] 1607.8131979254836 366121.2709899121
best_BB [[8], [11], [16], [18], [19], [24], [26], [27], [30], [31], [35], [20, 34], [12, 32], [28, 29], [9, 13, 15, 25], [6, 14, 17, 22], [0, 2, 7, 10, 39], [3, 23, 33, 36, 38], [4, 21, 37], [1, 5]] 367444.00883856456
best_BB [[5], [8], [11], [16], [19], [24], [26], [27], [30], [31], [35], [20, 34], [12, 32], [28, 29], [9, 13, 15, 25], [6, 14, 17, 22], [0, 2, 7, 10, 39], [3, 23, 33, 36, 38], [4, 21, 37], [1, 18]] 367429.68668416
best_BB [[1], [5], [8], [11], [16], [18], [24], [26], [27], [30], [31], [35], [20, 34], [12, 32], [28, 29], [9, 13, 15, 25], [6, 14, 17, 22], [0, 2, 7, 10, 39], [3, 23, 33, 36, 38], [4, 19, 21, 37]] 366891.709190196
best mpm:  [[1], [5], [8], [11], [16], [18], [24], [26], [27], [30], [31], [35], [20, 34], [12, 32], [28, 29], [9, 13, 15, 25], [6, 14, 17, 22], [0, 2, 7, 10, 39], [3, 23, 33, 36, 38], [4, 19, 21, 37]]
init BB:  [[1], [5], [8], [11], [16], [18], [24], [26], [27], [30], [31], [35], [20, 34], [12, 32], [28, 29], [9, 13, 15, 25], [6, 14, 17, 22], [0, 2, 7, 10, 39], [3, 23, 33, 36, 38], [4, 19, 21, 37]] 1700.8271845823297 365190.8820056137
best_BB [[8], [11], [16], [18], [24], [26], [27], [30], [31], [35], [20, 34], [12, 32], [28, 29], [9, 13, 15, 25], [6, 14, 17, 22], [0, 2, 7, 10, 39], [3, 23, 33, 36, 38], [4, 19, 21, 37], [1, 5]] 366606.63384092296
best_BB [[5], [8], [11], [16], [24], [26], [27], [30], [31], [35], [20, 34], [12, 32], [28, 29], [9, 13, 15, 25], [6, 14, 17, 22], [0, 2, 7, 10, 39], [3, 23, 33, 36, 38], [4, 19, 21, 37], [1, 18]] 366592.3116865185
best_BB [[1], [5], [8], [11], [16], [18], [24], [26], [27], [30], [31], [20, 34], [12, 32], [28, 29], [9, 13, 15, 25], [6, 14, 17, 22], [0, 2, 7, 10, 39], [3, 23, 33, 36, 38], [4, 19, 21, 35, 37]] 365569.2904806318
best mpm:  [[1], [5], [8], [11], [16], [18], [24], [26], [27], [30], [31], [20, 34], [12, 32], [28, 29], [9, 13, 15, 25], [6, 14, 17, 22], [0, 2, 7, 10, 39], [3, 23, 33, 36, 38], [4, 19, 21, 35, 37]]
init BB:  [[1], [5], [8], [11], [16], [18], [24], [26], [27], [30], [31], [20, 34], [12, 32], [28, 29], [9, 13, 15, 25], [6, 14, 17, 22], [0, 2, 7, 10, 39], [3, 23, 33, 36, 38], [4, 19, 21, 35, 37]] 1900.1428702755713 363669.1476103562
best_BB [[8], [11], [16], [18], [24], [26], [27], [30], [31], [20, 34], [12, 32], [28, 29], [9, 13, 15, 25], [6, 14, 17, 22], [0, 2, 7, 10, 39], [3, 23, 33, 36, 38], [4, 19, 21, 35, 37], [1, 5]] 365284.2151313587
best_BB [[5], [8], [11], [16], [24], [26], [27], [30], [31], [20, 34], [12, 32], [28, 29], [9, 13, 15, 25], [6, 14, 17, 22], [0, 2, 7, 10, 39], [3, 23, 33, 36, 38], [4, 19, 21, 35, 37], [1, 18]] 365269.89297695435
best mpm:  [[5], [8], [11], [16], [24], [26], [27], [30], [31], [20, 34], [12, 32], [28, 29], [9, 13, 15, 25], [6, 14, 17, 22], [0, 2, 7, 10, 39], [3, 23, 33, 36, 38], [4, 19, 21, 35, 37], [1, 18]]
init BB:  [[5], [8], [11], [16], [24], [26], [27], [30], [31], [20, 34], [12, 32], [28, 29], [9, 13, 15, 25], [6, 14, 17, 22], [0, 2, 7, 10, 39], [3, 23, 33, 36, 38], [4, 19, 21, 35, 37], [1, 18]] 1913.4305826551208 363356.4623942992
best_BB [[8], [11], [16], [24], [26], [27], [30], [31], [20, 34], [12, 32], [28, 29], [9, 13, 15, 25], [6, 14, 17, 22], [0, 2, 7, 10, 39], [3, 23, 33, 36, 38], [4, 19, 21, 35, 37], [1, 5, 18]] 362584.7334818861
best mpm:  [[8], [11], [16], [24], [26], [27], [30], [31], [20, 34], [12, 32], [28, 29], [9, 13, 15, 25], [6, 14, 17, 22], [0, 2, 7, 10, 39], [3, 23, 33, 36, 38], [4, 19, 21, 35, 37], [1, 5, 18]]
init BB:  [[8], [11], [16], [24], [26], [27], [30], [31], [20, 34], [12, 32], [28, 29], [9, 13, 15, 25], [6, 14, 17, 22], [0, 2, 7, 10, 39], [3, 23, 33, 36, 38], [4, 19, 21, 35, 37], [1, 5, 18]] 1953.2937197937692 360631.4397620923
best_BB [[8], [24], [26], [27], [30], [31], [20, 34], [12, 32], [28, 29], [9, 13, 15, 25], [6, 14, 17, 22], [0, 2, 7, 10, 39], [3, 23, 33, 36, 38], [4, 19, 21, 35, 37], [1, 5, 18], [11, 16]] 362374.57766122033
best_BB [[8], [11], [24], [26], [30], [31], [20, 34], [12, 32], [28, 29], [9, 13, 15, 25], [6, 14, 17, 22], [0, 2, 7, 10, 39], [3, 23, 33, 36, 38], [4, 19, 21, 35, 37], [1, 5, 18], [16, 27]] 362288.96100527013
best mpm:  [[8], [11], [24], [26], [30], [31], [20, 34], [12, 32], [28, 29], [9, 13, 15, 25], [6, 14, 17, 22], [0, 2, 7, 10, 39], [3, 23, 33, 36, 38], [4, 19, 21, 35, 37], [1, 5, 18], [16, 27]]
init BB:  [[8], [11], [24], [26], [30], [31], [20, 34], [12, 32], [28, 29], [9, 13, 15, 25], [6, 14, 17, 22], [0, 2, 7, 10, 39], [3, 23, 33, 36, 38], [4, 19, 21, 35, 37], [1, 5, 18], [16, 27]] 1966.5814321733187 360322.3795730968
best_BB [[8], [26], [30], [31], [20, 34], [12, 32], [28, 29], [9, 13, 15, 25], [6, 14, 17, 22], [0, 2, 7, 10, 39], [3, 23, 33, 36, 38], [4, 19, 21, 35, 37], [1, 5, 18], [16, 27], [11, 24]] 362096.2408527098
best_BB [[8], [24], [26], [30], [20, 34], [12, 32], [28, 29], [9, 13, 15, 25], [6, 14, 17, 22], [0, 2, 7, 10, 39], [3, 23, 33, 36, 38], [4, 19, 21, 35, 37], [1, 5, 18], [16, 27], [11, 31]] 362094.87346469465
best_BB [[8], [24], [26], [30], [31], [20, 34], [12, 32], [28, 29], [9, 13, 15, 25], [6, 14, 17, 22], [0, 2, 7, 10, 39], [3, 23, 33, 36, 38], [4, 19, 21, 35, 37], [1, 5, 18], [11, 16, 27]] 361838.46284211124
best_BB [[8], [11], [24], [26], [30], [20, 34], [12, 32], [28, 29], [9, 13, 15, 25], [6, 14, 17, 22], [0, 2, 7, 10, 39], [3, 23, 33, 36, 38], [4, 19, 21, 35, 37], [1, 5, 18], [16, 27, 31]] 361793.6113168223
best mpm:  [[8], [11], [24], [26], [30], [20, 34], [12, 32], [28, 29], [9, 13, 15, 25], [6, 14, 17, 22], [0, 2, 7, 10, 39], [3, 23, 33, 36, 38], [4, 19, 21, 35, 37], [1, 5, 18], [16, 27, 31]]
init BB:  [[8], [11], [24], [26], [30], [20, 34], [12, 32], [28, 29], [9, 13, 15, 25], [6, 14, 17, 22], [0, 2, 7, 10, 39], [3, 23, 33, 36, 38], [4, 19, 21, 35, 37], [1, 5, 18], [16, 27, 31]] 2006.444569311967 359787.1667475103
best_BB [[8], [26], [30], [20, 34], [12, 32], [28, 29], [9, 13, 15, 25], [6, 14, 17, 22], [0, 2, 7, 10, 39], [3, 23, 33, 36, 38], [4, 19, 21, 35, 37], [1, 5, 18], [16, 27, 31], [11, 24]] 361600.89116426196
best_BB [[8], [24], [26], [30], [20, 34], [12, 32], [28, 29], [9, 13, 15, 25], [6, 14, 17, 22], [0, 2, 7, 10, 39], [3, 23, 33, 36, 38], [4, 19, 21, 35, 37], [1, 5, 18], [11, 16, 27, 31]] 361116.8553097205
best mpm:  [[8], [24], [26], [30], [20, 34], [12, 32], [28, 29], [9, 13, 15, 25], [6, 14, 17, 22], [0, 2, 7, 10, 39], [3, 23, 33, 36, 38], [4, 19, 21, 35, 37], [1, 5, 18], [11, 16, 27, 31]]
init BB:  [[8], [24], [26], [30], [20, 34], [12, 32], [28, 29], [9, 13, 15, 25], [6, 14, 17, 22], [0, 2, 7, 10, 39], [3, 23, 33, 36, 38], [4, 19, 21, 35, 37], [1, 5, 18], [11, 16, 27, 31]] 2099.458555968813 359017.3967537517
best_BB [[8], [26], [30], [20, 34], [12, 32], [28, 29], [9, 13, 15, 25], [6, 14, 17, 22], [0, 2, 7, 10, 39], [3, 23, 33, 36, 38], [4, 19, 21, 35, 37], [1, 5, 18], [11, 16, 24, 27, 31]] 359999.6219313768
best mpm:  [[8], [26], [30], [20, 34], [12, 32], [28, 29], [9, 13, 15, 25], [6, 14, 17, 22], [0, 2, 7, 10, 39], [3, 23, 33, 36, 38], [4, 19, 21, 35, 37], [1, 5, 18], [11, 16, 24, 27, 31]]
init BB:  [[8], [26], [30], [20, 34], [12, 32], [28, 29], [9, 13, 15, 25], [6, 14, 17, 22], [0, 2, 7, 10, 39], [3, 23, 33, 36, 38], [4, 19, 21, 35, 37], [1, 5, 18], [11, 16, 24, 27, 31]] 2298.774241662055 357700.84768971475
[[8], [26], [30], [20, 34], [12, 32], [28, 29], [9, 13, 15, 25], [6, 14, 17, 22], [0, 2, 7, 10, 39], [3, 23, 33, 36, 38], [4, 19, 21, 35, 37], [1, 5, 18], [11, 16, 24, 27, 31]]
[[0, 2, 7, 10, 39], [1, 5, 18], [3, 23, 33, 36, 38], [4, 19, 21, 35, 37], [6, 14, 17, 22], [8], [9, 13, 15, 25], [11, 16, 24, 27, 31], [12, 32], [20, 34], [26], [28, 29], [30]]
5 0 2 7 10 39
3 1 5 18
5 3 23 33 36 38
5 4 19 21 35 37
4 6 14 17 22
1 8
4 9 13 15 25
5 11 16 24 27 31
2 12 32
2 20 34
1 26
2 28 29
1 30
