init BB:  [[0], [1], [2], [3], [4], [5], [6], [7], [8], [9], [10], [11], [12], [13], [14], [15], [16], [17], [18], [19], [20], [21], [22], [23], [24], [25], [26], [27], [28], [29], [30], [31], [32], [33], [34], [35], [36], [37], [38], [39]] 531.5142656736218 399766.80406534334
best_BB [[0], [2], [3], [4], [6], [7], [8], [9], [10], [11], [12], [13], [14], [15], [16], [17], [18], [19], [20], [21], [22], [23], [24], [25], [26], [27], [28], [29], [30], [31], [32], [33], [34], [35], [36], [37], [38], [39], [1, 5]] 400294.7107390664
best_BB [[0], [2], [3], [4], [5], [6], [7], [8], [9], [10], [11], [12], [13], [14], [15], [16], [17], [19], [20], [21], [22], [23], [24], [25], [26], [27], [28], [29], [30], [31], [32], [33], [34], [35], [36], [37], [38], [39], [1, 18]] 400287.91399903735
best_BB [[0], [1], [2], [3], [4], [5], [7], [8], [9], [10], [11], [12], [13], [15], [16], [17], [18], [19], [20], [21], [22], [23], [24], [25], [26], [27], [28], [29], [30], [31], [32], [33], [34], [35], [36], [37], [38], [39], [6, 14]] 400283.06073746085
best_BB [[0], [1], [2], [3], [4], [5], [7], [8], [9], [10], [11], [12], [13], [14], [15], [16], [17], [18], [19], [20], [21], [23], [24], [25], [26], [27], [28], [29], [30], [31], [32], [33], [34], [35], [36], [37], [38], [39], [6, 22]] 400276.3102459285
best_BB [[0], [1], [2], [3], [4], [5], [6], [7], [8], [9], [10], [11], [13], [14], [15], [16], [17], [18], [19], [20], [21], [22], [23], [24], [25], [26], [27], [28], [29], [30], [31], [33], [34], [35], [36], [37], [38], [39], [12, 32]] 400025.27981897694
best_BB [[0], [1], [2], [3], [4], [5], [6], [7], [8], [9], [10], [11], [12], [13], [14], [15], [16], [17], [18], [19], [20], [21], [22], [23], [24], [25], [26], [27], [30], [31], [32], [33], [34], [35], [36], [37], [38], [39], [28, 29]] 399918.97653822263
best mpm:  [[0], [1], [2], [3], [4], [5], [6], [7], [8], [9], [10], [11], [12], [13], [14], [15], [16], [17], [18], [19], [20], [21], [22], [23], [24], [25], [26], [27], [30], [31], [32], [33], [34], [35], [36], [37], [38], [39], [28, 29]]
init BB:  [[0], [1], [2], [3], [4], [5], [6], [7], [8], [9], [10], [11], [12], [13], [14], [15], [16], [17], [18], [19], [20], [21], [22], [23], [24], [25], [26], [27], [30], [31], [32], [33], [34], [35], [36], [37], [38], [39], [28, 29]] 544.8021223154624 399374.1744159072
best_BB [[0], [2], [3], [4], [6], [7], [8], [9], [10], [11], [12], [13], [14], [15], [16], [17], [18], [19], [20], [21], [22], [23], [24], [25], [26], [27], [30], [31], [32], [33], [34], [35], [36], [37], [38], [39], [28, 29], [1, 5]] 399915.3689462722
best_BB [[0], [2], [3], [4], [5], [6], [7], [8], [9], [10], [11], [12], [13], [14], [15], [16], [17], [19], [20], [21], [22], [23], [24], [25], [26], [27], [30], [31], [32], [33], [34], [35], [36], [37], [38], [39], [28, 29], [1, 18]] 399908.57220624294
best_BB [[0], [1], [2], [3], [4], [5], [7], [8], [9], [10], [11], [12], [13], [15], [16], [17], [18], [19], [20], [21], [22], [23], [24], [25], [26], [27], [30], [31], [32], [33], [34], [35], [36], [37], [38], [39], [28, 29], [6, 14]] 399903.7189446666
best_BB [[0], [1], [2], [3], [4], [5], [7], [8], [9], [10], [11], [12], [13], [14], [15], [16], [17], [18], [19], [20], [21], [23], [24], [25], [26], [27], [30], [31], [32], [33], [34], [35], [36], [37], [38], [39], [28, 29], [6, 22]] 399896.9684531341
best_BB [[0], [1], [2], [3], [4], [5], [6], [7], [8], [9], [10], [11], [13], [14], [15], [16], [17], [18], [19], [20], [21], [22], [23], [24], [25], [26], [27], [30], [31], [33], [34], [35], [36], [37], [38], [39], [28, 29], [12, 32]] 399645.93802618264
best mpm:  [[0], [1], [2], [3], [4], [5], [6], [7], [8], [9], [10], [11], [13], [14], [15], [16], [17], [18], [19], [20], [21], [22], [23], [24], [25], [26], [27], [30], [31], [33], [34], [35], [36], [37], [38], [39], [28, 29], [12, 32]]
init BB:  [[0], [1], [2], [3], [4], [5], [6], [7], [8], [9], [10], [11], [13], [14], [15], [16], [17], [18], [19], [20], [21], [22], [23], [24], [25], [26], [27], [30], [31], [33], [34], [35], [36], [37], [38], [39], [28, 29], [12, 32]] 558.0899789573028 399087.8480472253
best_BB [[0], [2], [3], [4], [6], [7], [8], [9], [10], [11], [13], [14], [15], [16], [17], [18], [19], [20], [21], [22], [23], [24], [25], [26], [27], [30], [31], [33], [34], [35], [36], [37], [38], [39], [28, 29], [12, 32], [1, 5]] 399642.3304342322
best_BB [[0], [2], [3], [4], [5], [6], [7], [8], [9], [10], [11], [13], [14], [15], [16], [17], [19], [20], [21], [22], [23], [24], [25], [26], [27], [30], [31], [33], [34], [35], [36], [37], [38], [39], [28, 29], [12, 32], [1, 18]] 399635.53369420295
best_BB [[0], [1], [2], [3], [4], [5], [7], [8], [9], [10], [11], [13], [15], [16], [17], [18], [19], [20], [21], [22], [23], [24], [25], [26], [27], [30], [31], [33], [34], [35], [36], [37], [38], [39], [28, 29], [12, 32], [6, 14]] 399630.6804326266
best_BB [[0], [1], [2], [3], [4], [5], [7], [8], [9], [10], [11], [13], [14], [15], [16], [17], [18], [19], [20], [21], [23], [24], [25], [26], [27], [30], [31], [33], [34], [35], [36], [37], [38], [39], [28, 29], [12, 32], [6, 22]] 399623.929941094
best_BB [[0], [1], [2], [3], [4], [5], [6], [7], [8], [9], [10], [11], [13], [14], [15], [16], [17], [18], [19], [21], [22], [23], [24], [25], [26], [27], [30], [31], [33], [35], [36], [37], [38], [39], [28, 29], [12, 32], [20, 34]] 399392.81623388664
best mpm:  [[0], [1], [2], [3], [4], [5], [6], [7], [8], [9], [10], [11], [13], [14], [15], [16], [17], [18], [19], [21], [22], [23], [24], [25], [26], [27], [30], [31], [33], [35], [36], [37], [38], [39], [28, 29], [12, 32], [20, 34]]
init BB:  [[0], [1], [2], [3], [4], [5], [6], [7], [8], [9], [10], [11], [13], [14], [15], [16], [17], [18], [19], [21], [22], [23], [24], [25], [26], [27], [30], [31], [33], [35], [36], [37], [38], [39], [28, 29], [12, 32], [20, 34]] 571.3778355991434 398821.4383982875
best_BB [[0], [2], [3], [4], [6], [7], [8], [9], [10], [11], [13], [14], [15], [16], [17], [18], [19], [21], [22], [23], [24], [25], [26], [27], [30], [31], [33], [35], [36], [37], [38], [39], [28, 29], [12, 32], [20, 34], [1, 5]] 399389.2086419361
best_BB [[0], [2], [3], [4], [5], [6], [7], [8], [9], [10], [11], [13], [14], [15], [16], [17], [19], [21], [22], [23], [24], [25], [26], [27], [30], [31], [33], [35], [36], [37], [38], [39], [28, 29], [12, 32], [20, 34], [1, 18]] 399382.41190190695
best_BB [[0], [1], [2], [3], [4], [5], [7], [8], [9], [10], [11], [13], [15], [16], [17], [18], [19], [21], [22], [23], [24], [25], [26], [27], [30], [31], [33], [35], [36], [37], [38], [39], [28, 29], [12, 32], [20, 34], [6, 14]] 399377.5586403305
best_BB [[0], [1], [2], [3], [4], [5], [7], [8], [9], [10], [11], [13], [14], [15], [16], [17], [18], [19], [21], [23], [24], [25], [26], [27], [30], [31], [33], [35], [36], [37], [38], [39], [28, 29], [12, 32], [20, 34], [6, 22]] 399370.80814879795
best mpm:  [[0], [1], [2], [3], [4], [5], [7], [8], [9], [10], [11], [13], [14], [15], [16], [17], [18], [19], [21], [23], [24], [25], [26], [27], [30], [31], [33], [35], [36], [37], [38], [39], [28, 29], [12, 32], [20, 34], [6, 22]]
init BB:  [[0], [1], [2], [3], [4], [5], [7], [8], [9], [10], [11], [13], [14], [15], [16], [17], [18], [19], [21], [23], [24], [25], [26], [27], [30], [31], [33], [35], [36], [37], [38], [39], [28, 29], [12, 32], [20, 34], [6, 22]] 584.665692240984 398786.14245655696
best_BB [[0], [2], [3], [4], [7], [8], [9], [10], [11], [13], [14], [15], [16], [17], [18], [19], [21], [23], [24], [25], [26], [27], [30], [31], [33], [35], [36], [37], [38], [39], [28, 29], [12, 32], [20, 34], [6, 22], [1, 5]] 399367.20055684756
best_BB [[0], [2], [3], [4], [5], [7], [8], [9], [10], [11], [13], [14], [15], [16], [17], [19], [21], [23], [24], [25], [26], [27], [30], [31], [33], [35], [36], [37], [38], [39], [28, 29], [12, 32], [20, 34], [6, 22], [1, 18]] 399360.40381681826
best_BB [[0], [1], [2], [3], [4], [5], [7], [8], [10], [11], [13], [14], [15], [16], [17], [18], [19], [21], [23], [24], [26], [27], [30], [31], [33], [35], [36], [37], [38], [39], [28, 29], [12, 32], [20, 34], [6, 22], [9, 25]] 399360.1066710536
best_BB [[0], [1], [2], [3], [4], [5], [7], [8], [9], [10], [11], [13], [15], [16], [17], [18], [19], [21], [23], [24], [25], [26], [27], [30], [31], [33], [35], [36], [37], [38], [39], [28, 29], [12, 32], [20, 34], [6, 14, 22]] 399336.2157296299
best mpm:  [[0], [1], [2], [3], [4], [5], [7], [8], [9], [10], [11], [13], [15], [16], [17], [18], [19], [21], [23], [24], [25], [26], [27], [30], [31], [33], [35], [36], [37], [38], [39], [28, 29], [12, 32], [20, 34], [6, 14, 22]]
init BB:  [[0], [1], [2], [3], [4], [5], [7], [8], [9], [10], [11], [13], [15], [16], [17], [18], [19], [21], [23], [24], [25], [26], [27], [30], [31], [33], [35], [36], [37], [38], [39], [28, 29], [12, 32], [20, 34], [6, 14, 22]] 624.5292621665056 398711.6864674634
best_BB [[0], [2], [3], [4], [7], [8], [9], [10], [11], [13], [15], [16], [17], [18], [19], [21], [23], [24], [25], [26], [27], [30], [31], [33], [35], [36], [37], [38], [39], [28, 29], [12, 32], [20, 34], [6, 14, 22], [1, 5]] 399332.60813767934
best_BB [[0], [2], [3], [4], [5], [7], [8], [9], [10], [11], [13], [15], [16], [17], [19], [21], [23], [24], [25], [26], [27], [30], [31], [33], [35], [36], [37], [38], [39], [28, 29], [12, 32], [20, 34], [6, 14, 22], [1, 18]] 399325.8113976502
best_BB [[0], [1], [2], [3], [4], [5], [7], [8], [10], [11], [13], [15], [16], [17], [18], [19], [21], [23], [24], [26], [27], [30], [31], [33], [35], [36], [37], [38], [39], [28, 29], [12, 32], [20, 34], [6, 14, 22], [9, 25]] 399325.5142518855
best_BB [[0], [1], [2], [3], [4], [5], [7], [8], [9], [10], [11], [13], [15], [16], [18], [19], [21], [23], [24], [25], [26], [27], [30], [31], [33], [35], [36], [37], [38], [39], [28, 29], [12, 32], [20, 34], [6, 14, 17, 22]] 399317.19268971443
best mpm:  [[0], [1], [2], [3], [4], [5], [7], [8], [9], [10], [11], [13], [15], [16], [18], [19], [21], [23], [24], [25], [26], [27], [30], [31], [33], [35], [36], [37], [38], [39], [28, 29], [12, 32], [20, 34], [6, 14, 17, 22]]
init BB:  [[0], [1], [2], [3], [4], [5], [7], [8], [9], [10], [11], [13], [15], [16], [18], [19], [21], [23], [24], [25], [26], [27], [30], [31], [33], [35], [36], [37], [38], [39], [28, 29], [12, 32], [20, 34], [6, 14, 17, 22]] 717.5442586593895 398599.648431055
best_BB [[0], [2], [3], [4], [7], [8], [9], [10], [11], [13], [15], [16], [18], [19], [21], [23], [24], [25], [26], [27], [30], [31], [33], [35], [36], [37], [38], [39], [28, 29], [12, 32], [20, 34], [6, 14, 17, 22], [1, 5]] 399313.5850977638
best_BB [[0], [2], [3], [4], [5], [7], [8], [9], [10], [11], [13], [15], [16], [19], [21], [23], [24], [25], [26], [27], [30], [31], [33], [35], [36], [37], [38], [39], [28, 29], [12, 32], [20, 34], [6, 14, 17, 22], [1, 18]] 399306.78835773474
best_BB [[0], [1], [2], [3], [4], [5], [7], [8], [10], [11], [13], [15], [16], [18], [19], [21], [23], [24], [26], [27], [30], [31], [33], [35], [36], [37], [38], [39], [28, 29], [12, 32], [20, 34], [6, 14, 17, 22], [9, 25]] 399306.49121197
best mpm:  [[0], [1], [2], [3], [4], [5], [7], [8], [10], [11], [13], [15], [16], [18], [19], [21], [23], [24], [26], [27], [30], [31], [33], [35], [36], [37], [38], [39], [28, 29], [12, 32], [20, 34], [6, 14, 17, 22], [9, 25]]
init BB:  [[0], [1], [2], [3], [4], [5], [7], [8], [10], [11], [13], [15], [16], [18], [19], [21], [23], [24], [26], [27], [30], [31], [33], [35], [36], [37], [38], [39], [28, 29], [12, 32], [20, 34], [6, 14, 17, 22], [9, 25]] 730.8321153012299 398575.65909666877
best_BB [[0], [2], [3], [4], [7], [8], [10], [11], [13], [15], [16], [18], [19], [21], [23], [24], [26], [27], [30], [31], [33], [35], [36], [37], [38], [39], [28, 29], [12, 32], [20, 34], [6, 14, 17, 22], [9, 25], [1, 5]] 399302.8836200194
best_BB [[0], [2], [3], [4], [5], [7], [8], [10], [11], [13], [15], [16], [19], [21], [23], [24], [26], [27], [30], [31], [33], [35], [36], [37], [38], [39], [28, 29], [12, 32], [20, 34], [6, 14, 17, 22], [9, 25], [1, 18]] 399296.08687999035
best_BB [[0], [1], [2], [3], [4], [5], [7], [8], [10], [11], [15], [16], [18], [19], [21], [23], [24], [26], [27], [30], [31], [33], [35], [36], [37], [38], [39], [28, 29], [12, 32], [20, 34], [6, 14, 17, 22], [9, 13, 25]] 399287.72122915386
best_BB [[0], [1], [2], [3], [4], [5], [7], [8], [10], [11], [13], [16], [18], [19], [21], [23], [24], [26], [27], [30], [31], [33], [35], [36], [37], [38], [39], [28, 29], [12, 32], [20, 34], [6, 14, 17, 22], [9, 15, 25]] 399287.12326325814
best mpm:  [[0], [1], [2], [3], [4], [5], [7], [8], [10], [11], [13], [16], [18], [19], [21], [23], [24], [26], [27], [30], [31], [33], [35], [36], [37], [38], [39], [28, 29], [12, 32], [20, 34], [6, 14, 17, 22], [9, 15, 25]]
init BB:  [[0], [1], [2], [3], [4], [5], [7], [8], [10], [11], [13], [16], [18], [19], [21], [23], [24], [26], [27], [30], [31], [33], [35], [36], [37], [38], [39], [28, 29], [12, 32], [20, 34], [6, 14, 17, 22], [9, 15, 25]] 770.6956852267516 398516.4275780314
best_BB [[0], [2], [3], [4], [7], [8], [10], [11], [13], [16], [18], [19], [21], [23], [24], [26], [27], [30], [31], [33], [35], [36], [37], [38], [39], [28, 29], [12, 32], [20, 34], [6, 14, 17, 22], [9, 15, 25], [1, 5]] 399283.5156713075
best_BB [[0], [2], [3], [4], [5], [7], [8], [10], [11], [13], [16], [19], [21], [23], [24], [26], [27], [30], [31], [33], [35], [36], [37], [38], [39], [28, 29], [12, 32], [20, 34], [6, 14, 17, 22], [9, 15, 25], [1, 18]] 399276.71893127845
best_BB [[0], [1], [2], [3], [4], [5], [7], [8], [10], [11], [16], [18], [19], [21], [23], [24], [26], [27], [30], [31], [33], [35], [36], [37], [38], [39], [28, 29], [12, 32], [20, 34], [6, 14, 17, 22], [9, 13, 15, 25]] 399247.7138248997
best mpm:  [[0], [1], [2], [3], [4], [5], [7], [8], [10], [11], [16], [18], [19], [21], [23], [24], [26], [27], [30], [31], [33], [35], [36], [37], [38], [39], [28, 29], [12, 32], [20, 34], [6, 14, 17, 22], [9, 13, 15, 25]]
init BB:  [[0], [1], [2], [3], [4], [5], [7], [8], [10], [11], [16], [18], [19], [21], [23], [24], [26], [27], [30], [31], [33], [35], [36], [37], [38], [39], [28, 29], [12, 32], [20, 34], [6, 14, 17, 22], [9, 13, 15, 25]] 863.7106817196354 398384.00314318005
best_BB [[0], [2], [3], [4], [7], [8], [10], [11], [16], [18], [19], [21], [23], [24], [26], [27], [30], [31], [33], [35], [36], [37], [38], [39], [28, 29], [12, 32], [20, 34], [6, 14, 17, 22], [9, 13, 15, 25], [1, 5]] 399244.1062329491
best_BB [[0], [2], [3], [4], [5], [7], [8], [10], [11], [16], [19], [21], [23], [24], [26], [27], [30], [31], [33], [35], [36], [37], [38], [39], [28, 29], [12, 32], [20, 34], [6, 14, 17, 22], [9, 13, 15, 25], [1, 18]] 399237.30949292006
best mpm:  [[0], [2], [3], [4], [5], [7], [8], [10], [11], [16], [19], [21], [23], [24], [26], [27], [30], [31], [33], [35], [36], [37], [38], [39], [28, 29], [12, 32], [20, 34], [6, 14, 17, 22], [9, 13, 15, 25], [1, 18]]
init BB:  [[0], [2], [3], [4], [5], [7], [8], [10], [11], [16], [19], [21], [23], [24], [26], [27], [30], [31], [33], [35], [36], [37], [38], [39], [28, 29], [12, 32], [20, 34], [6, 14, 17, 22], [9, 13, 15, 25], [1, 18]] 876.998538361476 398360.3109545586
best_BB [[0], [3], [4], [5], [7], [8], [10], [11], [16], [19], [21], [23], [24], [26], [27], [30], [31], [33], [35], [36], [37], [38], [28, 29], [12, 32], [20, 34], [6, 14, 17, 22], [9, 13, 15, 25], [1, 18], [2, 39]] 399235.3721591708
best_BB [[0], [2], [3], [5], [7], [8], [10], [11], [16], [21], [23], [24], [26], [27], [30], [31], [33], [35], [36], [37], [38], [39], [28, 29], [12, 32], [20, 34], [6, 14, 17, 22], [9, 13, 15, 25], [1, 18], [4, 19]] 399235.13471846946
best_BB [[0], [2], [3], [5], [7], [8], [10], [11], [16], [19], [21], [23], [24], [26], [27], [30], [31], [33], [35], [36], [38], [39], [28, 29], [12, 32], [20, 34], [6, 14, 17, 22], [9, 13, 15, 25], [1, 18], [4, 37]] 399230.8420144372
best_BB [[0], [2], [3], [4], [7], [8], [10], [11], [16], [19], [21], [23], [24], [26], [27], [30], [31], [33], [35], [36], [37], [38], [39], [28, 29], [12, 32], [20, 34], [6, 14, 17, 22], [9, 13, 15, 25], [1, 5, 18]] 399051.0060087619
best mpm:  [[0], [2], [3], [4], [7], [8], [10], [11], [16], [19], [21], [23], [24], [26], [27], [30], [31], [33], [35], [36], [37], [38], [39], [28, 29], [12, 32], [20, 34], [6, 14, 17, 22], [9, 13, 15, 25], [1, 5, 18]]
init BB:  [[0], [2], [3], [4], [7], [8], [10], [11], [16], [19], [21], [23], [24], [26], [27], [30], [31], [33], [35], [36], [37], [38], [39], [28, 29], [12, 32], [20, 34], [6, 14, 17, 22], [9, 13, 15, 25], [1, 5, 18]] 916.8621082869976 398134.1439004749
best_BB [[0], [3], [4], [7], [8], [10], [11], [16], [19], [21], [23], [24], [26], [27], [30], [31], [33], [35], [36], [37], [38], [28, 29], [12, 32], [20, 34], [6, 14, 17, 22], [9, 13, 15, 25], [1, 5, 18], [2, 39]] 399049.0686750126
best_BB [[0], [2], [3], [7], [8], [10], [11], [16], [21], [23], [24], [26], [27], [30], [31], [33], [35], [36], [37], [38], [39], [28, 29], [12, 32], [20, 34], [6, 14, 17, 22], [9, 13, 15, 25], [1, 5, 18], [4, 19]] 399048.8312343113
best_BB [[0], [2], [3], [7], [8], [10], [11], [16], [19], [21], [23], [24], [26], [27], [30], [31], [33], [35], [36], [38], [39], [28, 29], [12, 32], [20, 34], [6, 14, 17, 22], [9, 13, 15, 25], [1, 5, 18], [4, 37]] 399044.538530279
best_BB [[0], [2], [3], [4], [7], [8], [10], [11], [16], [19], [21], [23], [24], [26], [27], [30], [31], [35], [37], [38], [39], [28, 29], [12, 32], [20, 34], [6, 14, 17, 22], [9, 13, 15, 25], [1, 5, 18], [33, 36]] 399043.9210360172
best mpm:  [[0], [2], [3], [4], [7], [8], [10], [11], [16], [19], [21], [23], [24], [26], [27], [30], [31], [35], [37], [38], [39], [28, 29], [12, 32], [20, 34], [6, 14, 17, 22], [9, 13, 15, 25], [1, 5, 18], [33, 36]]
init BB:  [[0], [2], [3], [4], [7], [8], [10], [11], [16], [19], [21], [23], [24], [26], [27], [30], [31], [35], [37], [38], [39], [28, 29], [12, 32], [20, 34], [6, 14, 17, 22], [9, 13, 15, 25], [1, 5, 18], [33, 36]] 930.1499649288381 398113.7710710883
best_BB [[0], [3], [4], [7], [8], [10], [11], [16], [19], [21], [23], [24], [26], [27], [30], [31], [35], [37], [38], [28, 29], [12, 32], [20, 34], [6, 14, 17, 22], [9, 13, 15, 25], [1, 5, 18], [33, 36], [2, 39]] 399041.98370226787
best_BB [[0], [2], [3], [7], [8], [10], [11], [16], [21], [23], [24], [26], [27], [30], [31], [35], [37], [38], [39], [28, 29], [12, 32], [20, 34], [6, 14, 17, 22], [9, 13, 15, 25], [1, 5, 18], [33, 36], [4, 19]] 399041.7462615666
best_BB [[0], [2], [3], [7], [8], [10], [11], [16], [19], [21], [23], [24], [26], [27], [30], [31], [35], [38], [39], [28, 29], [12, 32], [20, 34], [6, 14, 17, 22], [9, 13, 15, 25], [1, 5, 18], [33, 36], [4, 37]] 399037.45355753426
best mpm:  [[0], [2], [3], [7], [8], [10], [11], [16], [19], [21], [23], [24], [26], [27], [30], [31], [35], [38], [39], [28, 29], [12, 32], [20, 34], [6, 14, 17, 22], [9, 13, 15, 25], [1, 5, 18], [33, 36], [4, 37]]
init BB:  [[0], [2], [3], [7], [8], [10], [11], [16], [19], [21], [23], [24], [26], [27], [30], [31], [35], [38], [39], [28, 29], [12, 32], [20, 34], [6, 14, 17, 22], [9, 13, 15, 25], [1, 5, 18], [33, 36], [4, 37]] 943.4378215706787 398094.0157359636
best_BB [[0], [3], [7], [8], [10], [11], [16], [19], [21], [23], [24], [26], [27], [30], [31], [35], [38], [28, 29], [12, 32], [20, 34], [6, 14, 17, 22], [9, 13, 15, 25], [1, 5, 18], [33, 36], [4, 37], [2, 39]] 399035.51622378506
best_BB [[0], [2], [3], [7], [8], [10], [11], [16], [21], [23], [24], [26], [27], [30], [31], [38], [39], [28, 29], [12, 32], [20, 34], [6, 14, 17, 22], [9, 13, 15, 25], [1, 5, 18], [33, 36], [4, 37], [19, 35]] 399033.8970255896
best mpm:  [[0], [2], [3], [7], [8], [10], [11], [16], [21], [23], [24], [26], [27], [30], [31], [38], [39], [28, 29], [12, 32], [20, 34], [6, 14, 17, 22], [9, 13, 15, 25], [1, 5, 18], [33, 36], [4, 37], [19, 35]]
init BB:  [[0], [2], [3], [7], [8], [10], [11], [16], [21], [23], [24], [26], [27], [30], [31], [38], [39], [28, 29], [12, 32], [20, 34], [6, 14, 17, 22], [9, 13, 15, 25], [1, 5, 18], [33, 36], [4, 37], [19, 35]] 956.7256782125193 398077.17134737707
best_BB [[0], [3], [7], [8], [10], [11], [16], [21], [23], [24], [26], [27], [30], [31], [38], [28, 29], [12, 32], [20, 34], [6, 14, 17, 22], [9, 13, 15, 25], [1, 5, 18], [33, 36], [4, 37], [19, 35], [2, 39]] 399031.9596918403
best mpm:  [[0], [3], [7], [8], [10], [11], [16], [21], [23], [24], [26], [27], [30], [31], [38], [28, 29], [12, 32], [20, 34], [6, 14, 17, 22], [9, 13, 15, 25], [1, 5, 18], [33, 36], [4, 37], [19, 35], [2, 39]]
init BB:  [[0], [3], [7], [8], [10], [11], [16], [21], [23], [24], [26], [27], [30], [31], [38], [28, 29], [12, 32], [20, 34], [6, 14, 17, 22], [9, 13, 15, 25], [1, 5, 18], [33, 36], [4, 37], [19, 35], [2, 39]] 970.0135348543598 398061.94615698594
1 0
1 3
1 7
1 8
1 10
1 11
1 16
1 21
1 23
1 24
1 26
1 27
1 30
1 31
1 38
2 28 29
2 12 32
2 20 34
4 6 14 17 22
4 9 13 15 25
3 1 5 18
2 33 36
2 4 37
2 19 35
2 2 39
