init BB:  [[0], [1], [2], [3], [4], [5], [6], [7], [8], [9], [10], [11], [12], [13], [14], [15], [16], [17], [18], [19], [20], [21], [22], [23], [24], [25], [26], [27], [28], [29], [30], [31], [32], [33], [34], [35], [36], [37], [38], [39]] 531.508495181978 397240.55595829553
best_BB [[1], [3], [4], [5], [6], [7], [8], [9], [10], [11], [12], [13], [14], [15], [16], [17], [18], [19], [20], [21], [22], [23], [24], [25], [26], [27], [28], [29], [30], [31], [32], [33], [34], [35], [36], [37], [38], [39], [0, 2]] 397690.0458674699
best_BB [[1], [2], [3], [4], [5], [6], [8], [9], [10], [11], [12], [13], [14], [15], [16], [17], [18], [19], [20], [21], [22], [23], [24], [25], [26], [27], [28], [29], [30], [31], [32], [33], [34], [35], [36], [37], [38], [39], [0, 7]] 397678.3034068072
best_BB [[1], [2], [3], [4], [5], [6], [7], [8], [9], [10], [11], [12], [13], [14], [15], [16], [17], [18], [19], [20], [21], [22], [23], [24], [25], [26], [27], [28], [29], [30], [31], [32], [33], [34], [35], [36], [37], [38], [0, 39]] 397648.3226155965
best_BB [[0], [2], [3], [4], [6], [7], [8], [9], [10], [11], [12], [13], [14], [15], [16], [17], [18], [19], [20], [21], [22], [23], [24], [25], [26], [27], [28], [29], [30], [31], [32], [33], [34], [35], [36], [37], [38], [39], [1, 5]] 397624.86972932104
best_BB [[0], [2], [3], [4], [5], [6], [7], [8], [9], [10], [11], [12], [13], [14], [15], [16], [17], [19], [20], [21], [22], [23], [24], [25], [26], [27], [28], [29], [30], [31], [32], [33], [34], [35], [36], [37], [38], [39], [1, 18]] 397597.6081484481
best_BB [[0], [1], [3], [4], [5], [6], [7], [8], [9], [10], [11], [12], [13], [14], [15], [16], [17], [18], [19], [20], [21], [22], [23], [24], [25], [26], [27], [28], [29], [30], [31], [32], [33], [34], [35], [36], [37], [38], [2, 39]] 397563.05948373827
best_BB [[0], [1], [2], [3], [4], [5], [7], [8], [9], [10], [11], [12], [13], [14], [15], [16], [18], [19], [20], [21], [22], [23], [24], [25], [26], [27], [28], [29], [30], [31], [32], [33], [34], [35], [36], [37], [38], [39], [6, 17]] 397558.77317881753
best_BB [[0], [1], [2], [3], [4], [5], [6], [7], [8], [10], [11], [12], [14], [15], [16], [17], [18], [19], [20], [21], [22], [23], [24], [25], [26], [27], [28], [29], [30], [31], [32], [33], [34], [35], [36], [37], [38], [39], [9, 13]] 397512.13482203917
best_BB [[0], [1], [2], [3], [4], [5], [6], [7], [8], [10], [11], [12], [13], [14], [16], [17], [18], [19], [20], [21], [22], [23], [24], [25], [26], [27], [28], [29], [30], [31], [32], [33], [34], [35], [36], [37], [38], [39], [9, 15]] 397479.38064848515
best_BB [[0], [1], [2], [3], [4], [5], [6], [7], [8], [9], [10], [11], [13], [14], [15], [16], [17], [18], [19], [20], [21], [22], [23], [24], [25], [26], [27], [28], [29], [30], [31], [33], [34], [35], [36], [37], [38], [39], [12, 32]] 395008.09888445906
best_BB [[0], [1], [2], [3], [4], [5], [6], [7], [8], [9], [10], [11], [12], [13], [14], [15], [16], [17], [18], [19], [21], [22], [23], [24], [25], [26], [27], [28], [29], [30], [31], [32], [33], [35], [36], [37], [38], [39], [20, 34]] 394966.4568522173
best_BB [[0], [1], [2], [3], [4], [5], [6], [7], [8], [9], [10], [11], [12], [13], [14], [15], [16], [17], [18], [19], [20], [21], [22], [23], [24], [25], [26], [27], [30], [31], [32], [33], [34], [35], [36], [37], [38], [39], [28, 29]] 394851.71353232476
best mpm:  [[0], [1], [2], [3], [4], [5], [6], [7], [8], [9], [10], [11], [12], [13], [14], [15], [16], [17], [18], [19], [20], [21], [22], [23], [24], [25], [26], [27], [30], [31], [32], [33], [34], [35], [36], [37], [38], [39], [28, 29]]
init BB:  [[0], [1], [2], [3], [4], [5], [6], [7], [8], [9], [10], [11], [12], [13], [14], [15], [16], [17], [18], [19], [20], [21], [22], [23], [24], [25], [26], [27], [30], [31], [32], [33], [34], [35], [36], [37], [38], [39], [28, 29]] 544.7962075615275 394306.91732476326
best_BB [[1], [3], [4], [5], [6], [7], [8], [9], [10], [11], [12], [13], [14], [15], [16], [17], [18], [19], [20], [21], [22], [23], [24], [25], [26], [27], [30], [31], [32], [33], [34], [35], [36], [37], [38], [39], [28, 29], [0, 2]] 394769.6949463171
best_BB [[1], [2], [3], [4], [5], [6], [8], [9], [10], [11], [12], [13], [14], [15], [16], [17], [18], [19], [20], [21], [22], [23], [24], [25], [26], [27], [30], [31], [32], [33], [34], [35], [36], [37], [38], [39], [28, 29], [0, 7]] 394757.95248565456
best_BB [[1], [2], [3], [4], [5], [6], [7], [8], [9], [10], [11], [12], [13], [14], [15], [16], [17], [18], [19], [20], [21], [22], [23], [24], [25], [26], [27], [30], [31], [32], [33], [34], [35], [36], [37], [38], [28, 29], [0, 39]] 394727.9716944437
best_BB [[0], [2], [3], [4], [6], [7], [8], [9], [10], [11], [12], [13], [14], [15], [16], [17], [18], [19], [20], [21], [22], [23], [24], [25], [26], [27], [30], [31], [32], [33], [34], [35], [36], [37], [38], [39], [28, 29], [1, 5]] 394704.5188081683
best_BB [[0], [2], [3], [4], [5], [6], [7], [8], [9], [10], [11], [12], [13], [14], [15], [16], [17], [19], [20], [21], [22], [23], [24], [25], [26], [27], [30], [31], [32], [33], [34], [35], [36], [37], [38], [39], [28, 29], [1, 18]] 394677.2572272955
best_BB [[0], [1], [3], [4], [5], [6], [7], [8], [9], [10], [11], [12], [13], [14], [15], [16], [17], [18], [19], [20], [21], [22], [23], [24], [25], [26], [27], [30], [31], [32], [33], [34], [35], [36], [37], [38], [28, 29], [2, 39]] 394642.7085625856
best_BB [[0], [1], [2], [3], [4], [5], [7], [8], [9], [10], [11], [12], [13], [14], [15], [16], [18], [19], [20], [21], [22], [23], [24], [25], [26], [27], [30], [31], [32], [33], [34], [35], [36], [37], [38], [39], [28, 29], [6, 17]] 394638.4222576647
best_BB [[0], [1], [2], [3], [4], [5], [6], [7], [8], [10], [11], [12], [14], [15], [16], [17], [18], [19], [20], [21], [22], [23], [24], [25], [26], [27], [30], [31], [32], [33], [34], [35], [36], [37], [38], [39], [28, 29], [9, 13]] 394591.7839008864
best_BB [[0], [1], [2], [3], [4], [5], [6], [7], [8], [10], [11], [12], [13], [14], [16], [17], [18], [19], [20], [21], [22], [23], [24], [25], [26], [27], [30], [31], [32], [33], [34], [35], [36], [37], [38], [39], [28, 29], [9, 15]] 394559.0297273324
best_BB [[0], [1], [2], [3], [4], [5], [6], [7], [8], [9], [10], [11], [13], [14], [15], [16], [17], [18], [19], [20], [21], [22], [23], [24], [25], [26], [27], [30], [31], [33], [34], [35], [36], [37], [38], [39], [28, 29], [12, 32]] 392087.7479633063
best_BB [[0], [1], [2], [3], [4], [5], [6], [7], [8], [9], [10], [11], [12], [13], [14], [15], [16], [17], [18], [19], [21], [22], [23], [24], [25], [26], [27], [30], [31], [32], [33], [35], [36], [37], [38], [39], [28, 29], [20, 34]] 392046.10593106464
best mpm:  [[0], [1], [2], [3], [4], [5], [6], [7], [8], [9], [10], [11], [12], [13], [14], [15], [16], [17], [18], [19], [21], [22], [23], [24], [25], [26], [27], [30], [31], [32], [33], [35], [36], [37], [38], [39], [28, 29], [20, 34]]
init BB:  [[0], [1], [2], [3], [4], [5], [6], [7], [8], [9], [10], [11], [12], [13], [14], [15], [16], [17], [18], [19], [21], [22], [23], [24], [25], [26], [27], [30], [31], [32], [33], [35], [36], [37], [38], [39], [28, 29], [20, 34]] 558.0839199410769 391488.02201112354
best_BB [[1], [3], [4], [5], [6], [7], [8], [9], [10], [11], [12], [13], [14], [15], [16], [17], [18], [19], [21], [22], [23], [24], [25], [26], [27], [30], [31], [32], [33], [35], [36], [37], [38], [39], [28, 29], [20, 34], [0, 2]] 391964.08734505693
best_BB [[1], [2], [3], [4], [5], [6], [8], [9], [10], [11], [12], [13], [14], [15], [16], [17], [18], [19], [21], [22], [23], [24], [25], [26], [27], [30], [31], [32], [33], [35], [36], [37], [38], [39], [28, 29], [20, 34], [0, 7]] 391952.3448843943
best_BB [[1], [2], [3], [4], [5], [6], [7], [8], [9], [10], [11], [12], [13], [14], [15], [16], [17], [18], [19], [21], [22], [23], [24], [25], [26], [27], [30], [31], [32], [33], [35], [36], [37], [38], [28, 29], [20, 34], [0, 39]] 391922.36409318354
best_BB [[0], [2], [3], [4], [6], [7], [8], [9], [10], [11], [12], [13], [14], [15], [16], [17], [18], [19], [21], [22], [23], [24], [25], [26], [27], [30], [31], [32], [33], [35], [36], [37], [38], [39], [28, 29], [20, 34], [1, 5]] 391898.9112069081
best_BB [[0], [2], [3], [4], [5], [6], [7], [8], [9], [10], [11], [12], [13], [14], [15], [16], [17], [19], [21], [22], [23], [24], [25], [26], [27], [30], [31], [32], [33], [35], [36], [37], [38], [39], [28, 29], [20, 34], [1, 18]] 391871.64962603524
best_BB [[0], [1], [3], [4], [5], [6], [7], [8], [9], [10], [11], [12], [13], [14], [15], [16], [17], [18], [19], [21], [22], [23], [24], [25], [26], [27], [30], [31], [32], [33], [35], [36], [37], [38], [28, 29], [20, 34], [2, 39]] 391837.1009613253
best_BB [[0], [1], [2], [3], [4], [5], [7], [8], [9], [10], [11], [12], [13], [14], [15], [16], [18], [19], [21], [22], [23], [24], [25], [26], [27], [30], [31], [32], [33], [35], [36], [37], [38], [39], [28, 29], [20, 34], [6, 17]] 391832.8146564045
best_BB [[0], [1], [2], [3], [4], [5], [6], [7], [8], [10], [11], [12], [14], [15], [16], [17], [18], [19], [21], [22], [23], [24], [25], [26], [27], [30], [31], [32], [33], [35], [36], [37], [38], [39], [28, 29], [20, 34], [9, 13]] 391786.17629962624
best_BB [[0], [1], [2], [3], [4], [5], [6], [7], [8], [10], [11], [12], [13], [14], [16], [17], [18], [19], [21], [22], [23], [24], [25], [26], [27], [30], [31], [32], [33], [35], [36], [37], [38], [39], [28, 29], [20, 34], [9, 15]] 391753.42212607217
best_BB [[0], [1], [2], [3], [4], [5], [6], [7], [8], [9], [10], [11], [13], [14], [15], [16], [17], [18], [19], [21], [22], [23], [24], [25], [26], [27], [30], [31], [33], [35], [36], [37], [38], [39], [28, 29], [20, 34], [12, 32]] 389282.1403620462
best mpm:  [[0], [1], [2], [3], [4], [5], [6], [7], [8], [9], [10], [11], [13], [14], [15], [16], [17], [18], [19], [21], [22], [23], [24], [25], [26], [27], [30], [31], [33], [35], [36], [37], [38], [39], [28, 29], [20, 34], [12, 32]]
init BB:  [[0], [1], [2], [3], [4], [5], [6], [7], [8], [9], [10], [11], [13], [14], [15], [16], [17], [18], [19], [21], [22], [23], [24], [25], [26], [27], [30], [31], [33], [35], [36], [37], [38], [39], [28, 29], [20, 34], [12, 32]] 571.3716323206264 388710.76872972556
best_BB [[1], [3], [4], [5], [6], [7], [8], [9], [10], [11], [13], [14], [15], [16], [17], [18], [19], [21], [22], [23], [24], [25], [26], [27], [30], [31], [33], [35], [36], [37], [38], [39], [28, 29], [20, 34], [12, 32], [0, 2]] 389200.12177603855
best_BB [[1], [2], [3], [4], [5], [6], [8], [9], [10], [11], [13], [14], [15], [16], [17], [18], [19], [21], [22], [23], [24], [25], [26], [27], [30], [31], [33], [35], [36], [37], [38], [39], [28, 29], [20, 34], [12, 32], [0, 7]] 389188.37931537593
best_BB [[1], [2], [3], [4], [5], [6], [7], [8], [9], [10], [11], [13], [14], [15], [16], [17], [18], [19], [21], [22], [23], [24], [25], [26], [27], [30], [31], [33], [35], [36], [37], [38], [28, 29], [20, 34], [12, 32], [0, 39]] 389158.39852416515
best_BB [[0], [2], [3], [4], [6], [7], [8], [9], [10], [11], [13], [14], [15], [16], [17], [18], [19], [21], [22], [23], [24], [25], [26], [27], [30], [31], [33], [35], [36], [37], [38], [39], [28, 29], [20, 34], [12, 32], [1, 5]] 389134.9456378896
best_BB [[0], [2], [3], [4], [5], [6], [7], [8], [9], [10], [11], [13], [14], [15], [16], [17], [19], [21], [22], [23], [24], [25], [26], [27], [30], [31], [33], [35], [36], [37], [38], [39], [28, 29], [20, 34], [12, 32], [1, 18]] 389107.68405701686
best_BB [[0], [1], [3], [4], [5], [6], [7], [8], [9], [10], [11], [13], [14], [15], [16], [17], [18], [19], [21], [22], [23], [24], [25], [26], [27], [30], [31], [33], [35], [36], [37], [38], [28, 29], [20, 34], [12, 32], [2, 39]] 389073.1353923069
best_BB [[0], [1], [2], [3], [4], [5], [7], [8], [9], [10], [11], [13], [14], [15], [16], [18], [19], [21], [22], [23], [24], [25], [26], [27], [30], [31], [33], [35], [36], [37], [38], [39], [28, 29], [20, 34], [12, 32], [6, 17]] 389068.84908738604
best_BB [[0], [1], [2], [3], [4], [5], [6], [7], [8], [10], [11], [14], [15], [16], [17], [18], [19], [21], [22], [23], [24], [25], [26], [27], [30], [31], [33], [35], [36], [37], [38], [39], [28, 29], [20, 34], [12, 32], [9, 13]] 389022.2107306079
best_BB [[0], [1], [2], [3], [4], [5], [6], [7], [8], [10], [11], [13], [14], [16], [17], [18], [19], [21], [22], [23], [24], [25], [26], [27], [30], [31], [33], [35], [36], [37], [38], [39], [28, 29], [20, 34], [12, 32], [9, 15]] 388989.4565570538
best mpm:  [[0], [1], [2], [3], [4], [5], [6], [7], [8], [10], [11], [13], [14], [16], [17], [18], [19], [21], [22], [23], [24], [25], [26], [27], [30], [31], [33], [35], [36], [37], [38], [39], [28, 29], [20, 34], [12, 32], [9, 15]]
init BB:  [[0], [1], [2], [3], [4], [5], [6], [7], [8], [10], [11], [13], [14], [16], [17], [18], [19], [21], [22], [23], [24], [25], [26], [27], [30], [31], [33], [35], [36], [37], [38], [39], [28, 29], [20, 34], [12, 32], [9, 15]] 584.6593447001758 388404.7972123536
best_BB [[1], [3], [4], [5], [6], [7], [8], [10], [11], [13], [14], [16], [17], [18], [19], [21], [22], [23], [24], [25], [26], [27], [30], [31], [33], [35], [36], [37], [38], [39], [28, 29], [20, 34], [12, 32], [9, 15], [0, 2]] 388907.4379710462
best_BB [[1], [2], [3], [4], [5], [6], [8], [10], [11], [13], [14], [16], [17], [18], [19], [21], [22], [23], [24], [25], [26], [27], [30], [31], [33], [35], [36], [37], [38], [39], [28, 29], [20, 34], [12, 32], [9, 15], [0, 7]] 388895.69551038335
best_BB [[1], [2], [3], [4], [5], [6], [7], [8], [10], [11], [13], [14], [16], [17], [18], [19], [21], [22], [23], [24], [25], [26], [27], [30], [31], [33], [35], [36], [37], [38], [28, 29], [20, 34], [12, 32], [9, 15], [0, 39]] 388865.71471917274
best_BB [[0], [2], [3], [4], [6], [7], [8], [10], [11], [13], [14], [16], [17], [18], [19], [21], [22], [23], [24], [25], [26], [27], [30], [31], [33], [35], [36], [37], [38], [39], [28, 29], [20, 34], [12, 32], [9, 15], [1, 5]] 388842.26183289726
best_BB [[0], [2], [3], [4], [5], [6], [7], [8], [10], [11], [13], [14], [16], [17], [19], [21], [22], [23], [24], [25], [26], [27], [30], [31], [33], [35], [36], [37], [38], [39], [28, 29], [20, 34], [12, 32], [9, 15], [1, 18]] 388815.0002520244
best_BB [[0], [1], [3], [4], [5], [6], [7], [8], [10], [11], [13], [14], [16], [17], [18], [19], [21], [22], [23], [24], [25], [26], [27], [30], [31], [33], [35], [36], [37], [38], [28, 29], [20, 34], [12, 32], [9, 15], [2, 39]] 388780.4515873144
best_BB [[0], [1], [2], [3], [4], [5], [7], [8], [10], [11], [13], [14], [16], [18], [19], [21], [22], [23], [24], [25], [26], [27], [30], [31], [33], [35], [36], [37], [38], [39], [28, 29], [20, 34], [12, 32], [9, 15], [6, 17]] 388776.16528239363
best_BB [[0], [1], [2], [3], [4], [5], [6], [7], [8], [10], [11], [14], [16], [17], [18], [19], [21], [22], [23], [24], [26], [27], [30], [31], [33], [35], [36], [37], [38], [39], [28, 29], [20, 34], [12, 32], [9, 15], [13, 25]] 388718.7826742803
best_BB [[0], [1], [2], [3], [4], [5], [6], [7], [8], [10], [11], [14], [16], [17], [18], [19], [21], [22], [23], [24], [25], [26], [27], [30], [31], [33], [35], [36], [37], [38], [39], [28, 29], [20, 34], [12, 32], [9, 13, 15]] 388035.6323609847
best mpm:  [[0], [1], [2], [3], [4], [5], [6], [7], [8], [10], [11], [14], [16], [17], [18], [19], [21], [22], [23], [24], [25], [26], [27], [30], [31], [33], [35], [36], [37], [38], [39], [28, 29], [20, 34], [12, 32], [9, 13, 15]]
init BB:  [[0], [1], [2], [3], [4], [5], [6], [7], [8], [10], [11], [14], [16], [17], [18], [19], [21], [22], [23], [24], [25], [26], [27], [30], [31], [33], [35], [36], [37], [38], [39], [28, 29], [20, 34], [12, 32], [9, 13, 15]] 624.5224818388242 387411.10987914586
best_BB [[1], [3], [4], [5], [6], [7], [8], [10], [11], [14], [16], [17], [18], [19], [21], [22], [23], [24], [25], [26], [27], [30], [31], [33], [35], [36], [37], [38], [39], [28, 29], [20, 34], [12, 32], [9, 13, 15], [0, 2]] 387953.6137749771
best_BB [[1], [2], [3], [4], [5], [6], [8], [10], [11], [14], [16], [17], [18], [19], [21], [22], [23], [24], [25], [26], [27], [30], [31], [33], [35], [36], [37], [38], [39], [28, 29], [20, 34], [12, 32], [9, 13, 15], [0, 7]] 387941.8713143143
best_BB [[1], [2], [3], [4], [5], [6], [7], [8], [10], [11], [14], [16], [17], [18], [19], [21], [22], [23], [24], [25], [26], [27], [30], [31], [33], [35], [36], [37], [38], [28, 29], [20, 34], [12, 32], [9, 13, 15], [0, 39]] 387911.8905231037
best_BB [[0], [2], [3], [4], [6], [7], [8], [10], [11], [14], [16], [17], [18], [19], [21], [22], [23], [24], [25], [26], [27], [30], [31], [33], [35], [36], [37], [38], [39], [28, 29], [20, 34], [12, 32], [9, 13, 15], [1, 5]] 387888.43763682817
best_BB [[0], [2], [3], [4], [5], [6], [7], [8], [10], [11], [14], [16], [17], [19], [21], [22], [23], [24], [25], [26], [27], [30], [31], [33], [35], [36], [37], [38], [39], [28, 29], [20, 34], [12, 32], [9, 13, 15], [1, 18]] 387861.1760559553
best_BB [[0], [1], [3], [4], [5], [6], [7], [8], [10], [11], [14], [16], [17], [18], [19], [21], [22], [23], [24], [25], [26], [27], [30], [31], [33], [35], [36], [37], [38], [28, 29], [20, 34], [12, 32], [9, 13, 15], [2, 39]] 387826.62739124545
best_BB [[0], [1], [2], [3], [4], [5], [7], [8], [10], [11], [14], [16], [18], [19], [21], [22], [23], [24], [25], [26], [27], [30], [31], [33], [35], [36], [37], [38], [39], [28, 29], [20, 34], [12, 32], [9, 13, 15], [6, 17]] 387822.34108632454
best_BB [[0], [1], [2], [3], [4], [5], [6], [7], [8], [10], [11], [16], [17], [18], [19], [21], [23], [24], [25], [26], [27], [30], [31], [33], [35], [36], [37], [38], [39], [28, 29], [20, 34], [12, 32], [9, 13, 15], [14, 22]] 387806.6823241976
best_BB [[0], [1], [2], [3], [4], [5], [6], [7], [8], [10], [11], [14], [16], [18], [19], [21], [23], [24], [25], [26], [27], [30], [31], [33], [35], [36], [37], [38], [39], [28, 29], [20, 34], [12, 32], [9, 13, 15], [17, 22]] 387759.0515967209
best_BB [[0], [1], [2], [3], [4], [5], [6], [7], [8], [10], [11], [14], [16], [17], [18], [19], [21], [22], [23], [24], [26], [27], [30], [31], [33], [35], [36], [37], [38], [39], [28, 29], [20, 34], [12, 32], [9, 13, 15, 25]] 386659.4480880311
best mpm:  [[0], [1], [2], [3], [4], [5], [6], [7], [8], [10], [11], [14], [16], [17], [18], [19], [21], [22], [23], [24], [26], [27], [30], [31], [33], [35], [36], [37], [38], [39], [28, 29], [20, 34], [12, 32], [9, 13, 15, 25]]
init BB:  [[0], [1], [2], [3], [4], [5], [6], [7], [8], [10], [11], [14], [16], [17], [18], [19], [21], [22], [23], [24], [26], [27], [30], [31], [33], [35], [36], [37], [38], [39], [28, 29], [20, 34], [12, 32], [9, 13, 15, 25]] 717.5364684956703 385941.9116195354
best_BB [[1], [3], [4], [5], [6], [7], [8], [10], [11], [14], [16], [17], [18], [19], [21], [22], [23], [24], [26], [27], [30], [31], [33], [35], [36], [37], [38], [39], [28, 29], [20, 34], [12, 32], [9, 13, 15, 25], [0, 2]] 386577.4295020234
best_BB [[1], [2], [3], [4], [5], [6], [8], [10], [11], [14], [16], [17], [18], [19], [21], [22], [23], [24], [26], [27], [30], [31], [33], [35], [36], [37], [38], [39], [28, 29], [20, 34], [12, 32], [9, 13, 15, 25], [0, 7]] 386565.6870413606
best_BB [[1], [2], [3], [4], [5], [6], [7], [8], [10], [11], [14], [16], [17], [18], [19], [21], [22], [23], [24], [26], [27], [30], [31], [33], [35], [36], [37], [38], [28, 29], [20, 34], [12, 32], [9, 13, 15, 25], [0, 39]] 386535.70625015
best_BB [[0], [2], [3], [4], [6], [7], [8], [10], [11], [14], [16], [17], [18], [19], [21], [22], [23], [24], [26], [27], [30], [31], [33], [35], [36], [37], [38], [39], [28, 29], [20, 34], [12, 32], [9, 13, 15, 25], [1, 5]] 386512.25336387445
best_BB [[0], [2], [3], [4], [5], [6], [7], [8], [10], [11], [14], [16], [17], [19], [21], [22], [23], [24], [26], [27], [30], [31], [33], [35], [36], [37], [38], [39], [28, 29], [20, 34], [12, 32], [9, 13, 15, 25], [1, 18]] 386484.9917830017
best_BB [[0], [1], [3], [4], [5], [6], [7], [8], [10], [11], [14], [16], [17], [18], [19], [21], [22], [23], [24], [26], [27], [30], [31], [33], [35], [36], [37], [38], [28, 29], [20, 34], [12, 32], [9, 13, 15, 25], [2, 39]] 386450.44311829173
best_BB [[0], [1], [2], [3], [4], [5], [7], [8], [10], [11], [14], [16], [18], [19], [21], [22], [23], [24], [26], [27], [30], [31], [33], [35], [36], [37], [38], [39], [28, 29], [20, 34], [12, 32], [9, 13, 15, 25], [6, 17]] 386446.1568133708
best_BB [[0], [1], [2], [3], [4], [5], [6], [7], [8], [10], [11], [16], [17], [18], [19], [21], [23], [24], [26], [27], [30], [31], [33], [35], [36], [37], [38], [39], [28, 29], [20, 34], [12, 32], [9, 13, 15, 25], [14, 22]] 386430.49805124395
best_BB [[0], [1], [2], [3], [4], [5], [6], [7], [8], [10], [11], [14], [16], [18], [19], [21], [23], [24], [26], [27], [30], [31], [33], [35], [36], [37], [38], [39], [28, 29], [20, 34], [12, 32], [9, 13, 15, 25], [17, 22]] 386382.86732376716
best mpm:  [[0], [1], [2], [3], [4], [5], [6], [7], [8], [10], [11], [14], [16], [18], [19], [21], [23], [24], [26], [27], [30], [31], [33], [35], [36], [37], [38], [39], [28, 29], [20, 34], [12, 32], [9, 13, 15, 25], [17, 22]]
init BB:  [[0], [1], [2], [3], [4], [5], [6], [7], [8], [10], [11], [14], [16], [18], [19], [21], [23], [24], [26], [27], [30], [31], [33], [35], [36], [37], [38], [39], [28, 29], [20, 34], [12, 32], [9, 13, 15, 25], [17, 22]] 730.8241808752198 385652.04314289195
best_BB [[1], [3], [4], [5], [6], [7], [8], [10], [11], [14], [16], [18], [19], [21], [23], [24], [26], [27], [30], [31], [33], [35], [36], [37], [38], [39], [28, 29], [20, 34], [12, 32], [9, 13, 15, 25], [17, 22], [0, 2]] 386300.8487377596
best_BB [[1], [2], [3], [4], [5], [6], [8], [10], [11], [14], [16], [18], [19], [21], [23], [24], [26], [27], [30], [31], [33], [35], [36], [37], [38], [39], [28, 29], [20, 34], [12, 32], [9, 13, 15, 25], [17, 22], [0, 7]] 386289.1062770969
best_BB [[1], [2], [3], [4], [5], [6], [7], [8], [10], [11], [14], [16], [18], [19], [21], [23], [24], [26], [27], [30], [31], [33], [35], [36], [37], [38], [28, 29], [20, 34], [12, 32], [9, 13, 15, 25], [17, 22], [0, 39]] 386259.1254858861
best_BB [[0], [2], [3], [4], [6], [7], [8], [10], [11], [14], [16], [18], [19], [21], [23], [24], [26], [27], [30], [31], [33], [35], [36], [37], [38], [39], [28, 29], [20, 34], [12, 32], [9, 13, 15, 25], [17, 22], [1, 5]] 386235.67259961076
best_BB [[0], [2], [3], [4], [5], [6], [7], [8], [10], [11], [14], [16], [19], [21], [23], [24], [26], [27], [30], [31], [33], [35], [36], [37], [38], [39], [28, 29], [20, 34], [12, 32], [9, 13, 15, 25], [17, 22], [1, 18]] 386208.411018738
best_BB [[0], [1], [3], [4], [5], [6], [7], [8], [10], [11], [14], [16], [18], [19], [21], [23], [24], [26], [27], [30], [31], [33], [35], [36], [37], [38], [28, 29], [20, 34], [12, 32], [9, 13, 15, 25], [17, 22], [2, 39]] 386173.86235402786
best_BB [[0], [1], [2], [3], [4], [5], [7], [8], [10], [11], [14], [16], [18], [19], [21], [23], [24], [26], [27], [30], [31], [33], [35], [36], [37], [38], [39], [28, 29], [20, 34], [12, 32], [9, 13, 15, 25], [6, 17, 22]] 385739.7254266869
best_BB [[0], [1], [2], [3], [4], [5], [6], [7], [8], [10], [11], [16], [18], [19], [21], [23], [24], [26], [27], [30], [31], [33], [35], [36], [37], [38], [39], [28, 29], [20, 34], [12, 32], [9, 13, 15, 25], [14, 17, 22]] 385617.23190076806
best mpm:  [[0], [1], [2], [3], [4], [5], [6], [7], [8], [10], [11], [16], [18], [19], [21], [23], [24], [26], [27], [30], [31], [33], [35], [36], [37], [38], [39], [28, 29], [20, 34], [12, 32], [9, 13, 15, 25], [14, 17, 22]]
init BB:  [[0], [1], [2], [3], [4], [5], [6], [7], [8], [10], [11], [16], [18], [19], [21], [23], [24], [26], [27], [30], [31], [33], [35], [36], [37], [38], [39], [28, 29], [20, 34], [12, 32], [9, 13, 15, 25], [14, 17, 22]] 770.6873180138681 384846.5445827542
best_BB [[1], [3], [4], [5], [6], [7], [8], [10], [11], [16], [18], [19], [21], [23], [24], [26], [27], [30], [31], [33], [35], [36], [37], [38], [39], [28, 29], [20, 34], [12, 32], [9, 13, 15, 25], [14, 17, 22], [0, 2]] 385535.2133147604
best_BB [[1], [2], [3], [4], [5], [6], [8], [10], [11], [16], [18], [19], [21], [23], [24], [26], [27], [30], [31], [33], [35], [36], [37], [38], [39], [28, 29], [20, 34], [12, 32], [9, 13, 15, 25], [14, 17, 22], [0, 7]] 385523.4708540977
best_BB [[1], [2], [3], [4], [5], [6], [7], [8], [10], [11], [16], [18], [19], [21], [23], [24], [26], [27], [30], [31], [33], [35], [36], [37], [38], [28, 29], [20, 34], [12, 32], [9, 13, 15, 25], [14, 17, 22], [0, 39]] 385493.490062887
best_BB [[0], [2], [3], [4], [6], [7], [8], [10], [11], [16], [18], [19], [21], [23], [24], [26], [27], [30], [31], [33], [35], [36], [37], [38], [39], [28, 29], [20, 34], [12, 32], [9, 13, 15, 25], [14, 17, 22], [1, 5]] 385470.03717661154
best_BB [[0], [2], [3], [4], [5], [6], [7], [8], [10], [11], [16], [19], [21], [23], [24], [26], [27], [30], [31], [33], [35], [36], [37], [38], [39], [28, 29], [20, 34], [12, 32], [9, 13, 15, 25], [14, 17, 22], [1, 18]] 385442.7755957388
best_BB [[0], [1], [3], [4], [5], [6], [7], [8], [10], [11], [16], [18], [19], [21], [23], [24], [26], [27], [30], [31], [33], [35], [36], [37], [38], [28, 29], [20, 34], [12, 32], [9, 13, 15, 25], [14, 17, 22], [2, 39]] 385408.2269310288
best_BB [[0], [1], [2], [3], [4], [5], [7], [8], [10], [11], [16], [18], [19], [21], [23], [24], [26], [27], [30], [31], [33], [35], [36], [37], [38], [39], [28, 29], [20, 34], [12, 32], [9, 13, 15, 25], [6, 14, 17, 22]] 384434.75275043305
best mpm:  [[0], [1], [2], [3], [4], [5], [7], [8], [10], [11], [16], [18], [19], [21], [23], [24], [26], [27], [30], [31], [33], [35], [36], [37], [38], [39], [28, 29], [20, 34], [12, 32], [9, 13, 15, 25], [6, 14, 17, 22]]
init BB:  [[0], [1], [2], [3], [4], [5], [7], [8], [10], [11], [16], [18], [19], [21], [23], [24], [26], [27], [30], [31], [33], [35], [36], [37], [38], [39], [28, 29], [20, 34], [12, 32], [9, 13, 15, 25], [6, 14, 17, 22]] 863.7013046707143 383571.05144576234
best_BB [[1], [3], [4], [5], [7], [8], [10], [11], [16], [18], [19], [21], [23], [24], [26], [27], [30], [31], [33], [35], [36], [37], [38], [39], [28, 29], [20, 34], [12, 32], [9, 13, 15, 25], [6, 14, 17, 22], [0, 2]] 384352.7341644254
best_BB [[1], [2], [3], [4], [5], [8], [10], [11], [16], [18], [19], [21], [23], [24], [26], [27], [30], [31], [33], [35], [36], [37], [38], [39], [28, 29], [20, 34], [12, 32], [9, 13, 15, 25], [6, 14, 17, 22], [0, 7]] 384340.99170376273
best_BB [[1], [2], [3], [4], [5], [7], [8], [10], [11], [16], [18], [19], [21], [23], [24], [26], [27], [30], [31], [33], [35], [36], [37], [38], [28, 29], [20, 34], [12, 32], [9, 13, 15, 25], [6, 14, 17, 22], [0, 39]] 384311.01091255195
best_BB [[0], [2], [3], [4], [7], [8], [10], [11], [16], [18], [19], [21], [23], [24], [26], [27], [30], [31], [33], [35], [36], [37], [38], [39], [28, 29], [20, 34], [12, 32], [9, 13, 15, 25], [6, 14, 17, 22], [1, 5]] 384287.5580262765
best_BB [[0], [2], [3], [4], [5], [7], [8], [10], [11], [16], [19], [21], [23], [24], [26], [27], [30], [31], [33], [35], [36], [37], [38], [39], [28, 29], [20, 34], [12, 32], [9, 13, 15, 25], [6, 14, 17, 22], [1, 18]] 384260.2964454038
best_BB [[0], [1], [3], [4], [5], [7], [8], [10], [11], [16], [18], [19], [21], [23], [24], [26], [27], [30], [31], [33], [35], [36], [37], [38], [28, 29], [20, 34], [12, 32], [9, 13, 15, 25], [6, 14, 17, 22], [2, 39]] 384225.74778069375
best_BB [[0], [1], [2], [3], [4], [5], [7], [8], [10], [11], [16], [18], [19], [21], [23], [24], [26], [27], [30], [31], [35], [37], [38], [39], [28, 29], [20, 34], [12, 32], [9, 13, 15, 25], [6, 14, 17, 22], [33, 36]] 384224.4009604458
best mpm:  [[0], [1], [2], [3], [4], [5], [7], [8], [10], [11], [16], [18], [19], [21], [23], [24], [26], [27], [30], [31], [35], [37], [38], [39], [28, 29], [20, 34], [12, 32], [9, 13, 15, 25], [6, 14, 17, 22], [33, 36]]
init BB:  [[0], [1], [2], [3], [4], [5], [7], [8], [10], [11], [16], [18], [19], [21], [23], [24], [26], [27], [30], [31], [35], [37], [38], [39], [28, 29], [20, 34], [12, 32], [9, 13, 15, 25], [6, 14, 17, 22], [33, 36]] 876.9890170502638 383347.41194339556
best_BB [[1], [3], [4], [5], [7], [8], [10], [11], [16], [18], [19], [21], [23], [24], [26], [27], [30], [31], [35], [37], [38], [39], [28, 29], [20, 34], [12, 32], [9, 13, 15, 25], [6, 14, 17, 22], [33, 36], [0, 2]] 384142.3823744382
best_BB [[1], [2], [3], [4], [5], [8], [10], [11], [16], [18], [19], [21], [23], [24], [26], [27], [30], [31], [35], [37], [38], [39], [28, 29], [20, 34], [12, 32], [9, 13, 15, 25], [6, 14, 17, 22], [33, 36], [0, 7]] 384130.6399137756
best_BB [[1], [2], [3], [4], [5], [7], [8], [10], [11], [16], [18], [19], [21], [23], [24], [26], [27], [30], [31], [35], [37], [38], [28, 29], [20, 34], [12, 32], [9, 13, 15, 25], [6, 14, 17, 22], [33, 36], [0, 39]] 384100.6591225647
best_BB [[0], [2], [3], [4], [7], [8], [10], [11], [16], [18], [19], [21], [23], [24], [26], [27], [30], [31], [35], [37], [38], [39], [28, 29], [20, 34], [12, 32], [9, 13, 15, 25], [6, 14, 17, 22], [33, 36], [1, 5]] 384077.20623628935
best_BB [[0], [2], [3], [4], [5], [7], [8], [10], [11], [16], [19], [21], [23], [24], [26], [27], [30], [31], [35], [37], [38], [39], [28, 29], [20, 34], [12, 32], [9, 13, 15, 25], [6, 14, 17, 22], [33, 36], [1, 18]] 384049.9446554166
best_BB [[0], [1], [3], [4], [5], [7], [8], [10], [11], [16], [18], [19], [21], [23], [24], [26], [27], [30], [31], [35], [37], [38], [28, 29], [20, 34], [12, 32], [9, 13, 15, 25], [6, 14, 17, 22], [33, 36], [2, 39]] 384015.3959907065
best mpm:  [[0], [1], [3], [4], [5], [7], [8], [10], [11], [16], [18], [19], [21], [23], [24], [26], [27], [30], [31], [35], [37], [38], [28, 29], [20, 34], [12, 32], [9, 13, 15, 25], [6, 14, 17, 22], [33, 36], [2, 39]]
init BB:  [[0], [1], [3], [4], [5], [7], [8], [10], [11], [16], [18], [19], [21], [23], [24], [26], [27], [30], [31], [35], [37], [38], [28, 29], [20, 34], [12, 32], [9, 13, 15, 25], [6, 14, 17, 22], [33, 36], [2, 39]] 890.2767294298131 383125.1192612767
best_BB [[1], [3], [4], [5], [8], [10], [11], [16], [18], [19], [21], [23], [24], [26], [27], [30], [31], [35], [37], [38], [28, 29], [20, 34], [12, 32], [9, 13, 15, 25], [6, 14, 17, 22], [33, 36], [2, 39], [0, 7]] 383921.6349440363
best_BB [[1], [3], [4], [5], [7], [8], [10], [11], [16], [18], [19], [21], [23], [24], [26], [27], [30], [31], [35], [37], [38], [28, 29], [20, 34], [12, 32], [9, 13, 15, 25], [6, 14, 17, 22], [33, 36], [0, 2, 39]] 383789.2346645699
best_BB [[0], [1], [3], [4], [5], [8], [10], [11], [16], [18], [19], [21], [23], [24], [26], [27], [30], [31], [35], [37], [38], [28, 29], [20, 34], [12, 32], [9, 13, 15, 25], [6, 14, 17, 22], [33, 36], [2, 7, 39]] 383787.4676138844
best mpm:  [[0], [1], [3], [4], [5], [8], [10], [11], [16], [18], [19], [21], [23], [24], [26], [27], [30], [31], [35], [37], [38], [28, 29], [20, 34], [12, 32], [9, 13, 15, 25], [6, 14, 17, 22], [33, 36], [2, 7, 39]]
init BB:  [[0], [1], [3], [4], [5], [8], [10], [11], [16], [18], [19], [21], [23], [24], [26], [27], [30], [31], [35], [37], [38], [28, 29], [20, 34], [12, 32], [9, 13, 15, 25], [6, 14, 17, 22], [33, 36], [2, 7, 39]] 930.1398665684616 382857.327747316
best_BB [[1], [3], [4], [5], [8], [11], [16], [18], [19], [21], [23], [24], [26], [27], [30], [31], [35], [37], [38], [28, 29], [20, 34], [12, 32], [9, 13, 15, 25], [6, 14, 17, 22], [33, 36], [2, 7, 39], [0, 10]] 383746.4653917162
best_BB [[1], [3], [4], [5], [8], [10], [11], [16], [18], [19], [21], [23], [24], [26], [27], [30], [31], [35], [37], [38], [28, 29], [20, 34], [12, 32], [9, 13, 15, 25], [6, 14, 17, 22], [33, 36], [0, 2, 7, 39]] 383514.1474970971
best_BB [[0], [1], [3], [4], [5], [8], [11], [16], [18], [19], [21], [23], [24], [26], [27], [30], [31], [35], [37], [38], [28, 29], [20, 34], [12, 32], [9, 13, 15, 25], [6, 14, 17, 22], [33, 36], [2, 7, 10, 39]] 383477.2108517172
best mpm:  [[0], [1], [3], [4], [5], [8], [11], [16], [18], [19], [21], [23], [24], [26], [27], [30], [31], [35], [37], [38], [28, 29], [20, 34], [12, 32], [9, 13, 15, 25], [6, 14, 17, 22], [33, 36], [2, 7, 10, 39]]
init BB:  [[0], [1], [3], [4], [5], [8], [11], [16], [18], [19], [21], [23], [24], [26], [27], [30], [31], [35], [37], [38], [28, 29], [20, 34], [12, 32], [9, 13, 15, 25], [6, 14, 17, 22], [33, 36], [2, 7, 10, 39]] 1023.1538532253077 382454.0569984919
best_BB [[1], [3], [4], [5], [8], [11], [16], [18], [19], [21], [23], [24], [26], [27], [30], [31], [35], [37], [38], [28, 29], [20, 34], [12, 32], [9, 13, 15, 25], [6, 14, 17, 22], [33, 36], [0, 2, 7, 10, 39]] 383040.5743470981
best mpm:  [[1], [3], [4], [5], [8], [11], [16], [18], [19], [21], [23], [24], [26], [27], [30], [31], [35], [37], [38], [28, 29], [20, 34], [12, 32], [9, 13, 15, 25], [6, 14, 17, 22], [33, 36], [0, 2, 7, 10, 39]]
init BB:  [[1], [3], [4], [5], [8], [11], [16], [18], [19], [21], [23], [24], [26], [27], [30], [31], [35], [37], [38], [28, 29], [20, 34], [12, 32], [9, 13, 15, 25], [6, 14, 17, 22], [33, 36], [0, 2, 7, 10, 39]] 1222.4695389185495 381818.1048081796
best_BB [[3], [4], [8], [11], [16], [18], [19], [21], [23], [24], [26], [27], [30], [31], [35], [37], [38], [28, 29], [20, 34], [12, 32], [9, 13, 15, 25], [6, 14, 17, 22], [33, 36], [0, 2, 7, 10, 39], [1, 5]] 382893.3796229418
best_BB [[3], [4], [5], [8], [11], [16], [19], [21], [23], [24], [26], [27], [30], [31], [35], [37], [38], [28, 29], [20, 34], [12, 32], [9, 13, 15, 25], [6, 14, 17, 22], [33, 36], [0, 2, 7, 10, 39], [1, 18]] 382866.1180420689
best_BB [[1], [3], [5], [8], [11], [16], [18], [19], [21], [23], [24], [26], [27], [30], [31], [35], [38], [28, 29], [20, 34], [12, 32], [9, 13, 15, 25], [6, 14, 17, 22], [33, 36], [0, 2, 7, 10, 39], [4, 37]] 382859.8893583387
best_BB [[1], [3], [4], [5], [8], [11], [16], [18], [19], [21], [23], [24], [26], [27], [30], [31], [35], [37], [28, 29], [20, 34], [12, 32], [9, 13, 15, 25], [6, 14, 17, 22], [0, 2, 7, 10, 39], [33, 36, 38]] 382834.619968462
best mpm:  [[1], [3], [4], [5], [8], [11], [16], [18], [19], [21], [23], [24], [26], [27], [30], [31], [35], [37], [28, 29], [20, 34], [12, 32], [9, 13, 15, 25], [6, 14, 17, 22], [0, 2, 7, 10, 39], [33, 36, 38]]
init BB:  [[1], [3], [4], [5], [8], [11], [16], [18], [19], [21], [23], [24], [26], [27], [30], [31], [35], [37], [28, 29], [20, 34], [12, 32], [9, 13, 15, 25], [6, 14, 17, 22], [0, 2, 7, 10, 39], [33, 36, 38]] 1262.332676057198 381572.2872924048
best_BB [[3], [4], [8], [11], [16], [18], [19], [21], [23], [24], [26], [27], [30], [31], [35], [37], [28, 29], [20, 34], [12, 32], [9, 13, 15, 25], [6, 14, 17, 22], [0, 2, 7, 10, 39], [33, 36, 38], [1, 5]] 382687.42524430563
best_BB [[3], [4], [5], [8], [11], [16], [19], [21], [23], [24], [26], [27], [30], [31], [35], [37], [28, 29], [20, 34], [12, 32], [9, 13, 15, 25], [6, 14, 17, 22], [0, 2, 7, 10, 39], [33, 36, 38], [1, 18]] 382660.1636634328
best_BB [[1], [4], [5], [8], [11], [16], [18], [19], [21], [23], [24], [26], [27], [30], [31], [35], [37], [28, 29], [20, 34], [12, 32], [9, 13, 15, 25], [6, 14, 17, 22], [0, 2, 7, 10, 39], [3, 33, 36, 38]] 382580.77901446103
best mpm:  [[1], [4], [5], [8], [11], [16], [18], [19], [21], [23], [24], [26], [27], [30], [31], [35], [37], [28, 29], [20, 34], [12, 32], [9, 13, 15, 25], [6, 14, 17, 22], [0, 2, 7, 10, 39], [3, 33, 36, 38]]
init BB:  [[1], [4], [5], [8], [11], [16], [18], [19], [21], [23], [24], [26], [27], [30], [31], [35], [37], [28, 29], [20, 34], [12, 32], [9, 13, 15, 25], [6, 14, 17, 22], [0, 2, 7, 10, 39], [3, 33, 36, 38]] 1355.346662714044 381225.432351747
best_BB [[4], [8], [11], [16], [18], [19], [21], [23], [24], [26], [27], [30], [31], [35], [37], [28, 29], [20, 34], [12, 32], [9, 13, 15, 25], [6, 14, 17, 22], [0, 2, 7, 10, 39], [3, 33, 36, 38], [1, 5]] 382433.58429030475
best_BB [[4], [5], [8], [11], [16], [19], [21], [23], [24], [26], [27], [30], [31], [35], [37], [28, 29], [20, 34], [12, 32], [9, 13, 15, 25], [6, 14, 17, 22], [0, 2, 7, 10, 39], [3, 33, 36, 38], [1, 18]] 382406.32270943193
best_BB [[1], [5], [8], [11], [16], [18], [19], [21], [23], [24], [26], [27], [30], [31], [35], [28, 29], [20, 34], [12, 32], [9, 13, 15, 25], [6, 14, 17, 22], [0, 2, 7, 10, 39], [3, 33, 36, 38], [4, 37]] 382400.0940257016
best_BB [[1], [4], [5], [8], [11], [16], [18], [19], [21], [24], [26], [27], [30], [31], [35], [37], [28, 29], [20, 34], [12, 32], [9, 13, 15, 25], [6, 14, 17, 22], [0, 2, 7, 10, 39], [3, 23, 33, 36, 38]] 382301.9548020411
best mpm:  [[1], [4], [5], [8], [11], [16], [18], [19], [21], [24], [26], [27], [30], [31], [35], [37], [28, 29], [20, 34], [12, 32], [9, 13, 15, 25], [6, 14, 17, 22], [0, 2, 7, 10, 39], [3, 23, 33, 36, 38]]
init BB:  [[1], [4], [5], [8], [11], [16], [18], [19], [21], [24], [26], [27], [30], [31], [35], [37], [28, 29], [20, 34], [12, 32], [9, 13, 15, 25], [6, 14, 17, 22], [0, 2, 7, 10, 39], [3, 23, 33, 36, 38]] 1554.6623484072857 380747.29245363385
best_BB [[4], [8], [11], [16], [18], [19], [21], [24], [26], [27], [30], [31], [35], [37], [28, 29], [20, 34], [12, 32], [9, 13, 15, 25], [6, 14, 17, 22], [0, 2, 7, 10, 39], [3, 23, 33, 36, 38], [1, 5]] 382154.76007788477
best_BB [[4], [5], [8], [11], [16], [19], [21], [24], [26], [27], [30], [31], [35], [37], [28, 29], [20, 34], [12, 32], [9, 13, 15, 25], [6, 14, 17, 22], [0, 2, 7, 10, 39], [3, 23, 33, 36, 38], [1, 18]] 382127.498497012
best_BB [[1], [5], [8], [11], [16], [18], [19], [21], [24], [26], [27], [30], [31], [35], [28, 29], [20, 34], [12, 32], [9, 13, 15, 25], [6, 14, 17, 22], [0, 2, 7, 10, 39], [3, 23, 33, 36, 38], [4, 37]] 382121.26981328166
best mpm:  [[1], [5], [8], [11], [16], [18], [19], [21], [24], [26], [27], [30], [31], [35], [28, 29], [20, 34], [12, 32], [9, 13, 15, 25], [6, 14, 17, 22], [0, 2, 7, 10, 39], [3, 23, 33, 36, 38], [4, 37]]
init BB:  [[1], [5], [8], [11], [16], [18], [19], [21], [24], [26], [27], [30], [31], [35], [28, 29], [20, 34], [12, 32], [9, 13, 15, 25], [6, 14, 17, 22], [0, 2, 7, 10, 39], [3, 23, 33, 36, 38], [4, 37]] 1567.9500607868351 380553.3197524948
best_BB [[8], [11], [16], [18], [19], [21], [24], [26], [27], [30], [31], [35], [28, 29], [20, 34], [12, 32], [9, 13, 15, 25], [6, 14, 17, 22], [0, 2, 7, 10, 39], [3, 23, 33, 36, 38], [4, 37], [1, 5]] 381974.07508912525
best_BB [[5], [8], [11], [16], [19], [21], [24], [26], [27], [30], [31], [35], [28, 29], [20, 34], [12, 32], [9, 13, 15, 25], [6, 14, 17, 22], [0, 2, 7, 10, 39], [3, 23, 33, 36, 38], [4, 37], [1, 18]] 381946.81350825244
best_BB [[1], [5], [8], [11], [16], [18], [21], [24], [26], [27], [30], [31], [35], [28, 29], [20, 34], [12, 32], [9, 13, 15, 25], [6, 14, 17, 22], [0, 2, 7, 10, 39], [3, 23, 33, 36, 38], [4, 19, 37]] 381906.3397325366
best_BB [[1], [5], [8], [11], [16], [18], [19], [24], [26], [27], [30], [31], [35], [28, 29], [20, 34], [12, 32], [9, 13, 15, 25], [6, 14, 17, 22], [0, 2, 7, 10, 39], [3, 23, 33, 36, 38], [4, 21, 37]] 381885.4866066515
best_BB [[1], [5], [8], [11], [16], [18], [19], [21], [24], [26], [27], [30], [31], [28, 29], [20, 34], [12, 32], [9, 13, 15, 25], [6, 14, 17, 22], [0, 2, 7, 10, 39], [3, 23, 33, 36, 38], [4, 35, 37]] 381869.33604869584
best mpm:  [[1], [5], [8], [11], [16], [18], [19], [21], [24], [26], [27], [30], [31], [28, 29], [20, 34], [12, 32], [9, 13, 15, 25], [6, 14, 17, 22], [0, 2, 7, 10, 39], [3, 23, 33, 36, 38], [4, 35, 37]]
init BB:  [[1], [5], [8], [11], [16], [18], [19], [21], [24], [26], [27], [30], [31], [28, 29], [20, 34], [12, 32], [9, 13, 15, 25], [6, 14, 17, 22], [0, 2, 7, 10, 39], [3, 23, 33, 36, 38], [4, 35, 37]] 1607.8131979254836 380261.5228507703
best_BB [[8], [11], [16], [18], [19], [21], [24], [26], [27], [30], [31], [28, 29], [20, 34], [12, 32], [9, 13, 15, 25], [6, 14, 17, 22], [0, 2, 7, 10, 39], [3, 23, 33, 36, 38], [4, 35, 37], [1, 5]] 381722.14132453944
best_BB [[5], [8], [11], [16], [19], [21], [24], [26], [27], [30], [31], [28, 29], [20, 34], [12, 32], [9, 13, 15, 25], [6, 14, 17, 22], [0, 2, 7, 10, 39], [3, 23, 33, 36, 38], [4, 35, 37], [1, 18]] 381694.8797436665
best_BB [[1], [5], [8], [11], [16], [18], [21], [24], [26], [27], [30], [31], [28, 29], [20, 34], [12, 32], [9, 13, 15, 25], [6, 14, 17, 22], [0, 2, 7, 10, 39], [3, 23, 33, 36, 38], [4, 19, 35, 37]] 381557.091939576
best mpm:  [[1], [5], [8], [11], [16], [18], [21], [24], [26], [27], [30], [31], [28, 29], [20, 34], [12, 32], [9, 13, 15, 25], [6, 14, 17, 22], [0, 2, 7, 10, 39], [3, 23, 33, 36, 38], [4, 19, 35, 37]]
init BB:  [[1], [5], [8], [11], [16], [18], [21], [24], [26], [27], [30], [31], [28, 29], [20, 34], [12, 32], [9, 13, 15, 25], [6, 14, 17, 22], [0, 2, 7, 10, 39], [3, 23, 33, 36, 38], [4, 19, 35, 37]] 1700.8271845823297 379856.2647549937
best_BB [[8], [11], [16], [18], [21], [24], [26], [27], [30], [31], [28, 29], [20, 34], [12, 32], [9, 13, 15, 25], [6, 14, 17, 22], [0, 2, 7, 10, 39], [3, 23, 33, 36, 38], [4, 19, 35, 37], [1, 5]] 381409.8972154196
best_BB [[5], [8], [11], [16], [21], [24], [26], [27], [30], [31], [28, 29], [20, 34], [12, 32], [9, 13, 15, 25], [6, 14, 17, 22], [0, 2, 7, 10, 39], [3, 23, 33, 36, 38], [4, 19, 35, 37], [1, 18]] 381382.6356345467
best_BB [[1], [5], [8], [11], [16], [18], [24], [26], [27], [30], [31], [28, 29], [20, 34], [12, 32], [9, 13, 15, 25], [6, 14, 17, 22], [0, 2, 7, 10, 39], [3, 23, 33, 36, 38], [4, 19, 21, 35, 37]] 380912.77560516115
best mpm:  [[1], [5], [8], [11], [16], [18], [24], [26], [27], [30], [31], [28, 29], [20, 34], [12, 32], [9, 13, 15, 25], [6, 14, 17, 22], [0, 2, 7, 10, 39], [3, 23, 33, 36, 38], [4, 19, 21, 35, 37]]
init BB:  [[1], [5], [8], [11], [16], [18], [24], [26], [27], [30], [31], [28, 29], [20, 34], [12, 32], [9, 13, 15, 25], [6, 14, 17, 22], [0, 2, 7, 10, 39], [3, 23, 33, 36, 38], [4, 19, 21, 35, 37]] 1900.1428702755713 379012.63273488556
best_BB [[8], [11], [16], [18], [24], [26], [27], [30], [31], [28, 29], [20, 34], [12, 32], [9, 13, 15, 25], [6, 14, 17, 22], [0, 2, 7, 10, 39], [3, 23, 33, 36, 38], [4, 19, 21, 35, 37], [1, 5]] 380765.58088100475
best_BB [[5], [8], [11], [16], [24], [26], [27], [30], [31], [28, 29], [20, 34], [12, 32], [9, 13, 15, 25], [6, 14, 17, 22], [0, 2, 7, 10, 39], [3, 23, 33, 36, 38], [4, 19, 21, 35, 37], [1, 18]] 380738.3193001319
best mpm:  [[5], [8], [11], [16], [24], [26], [27], [30], [31], [28, 29], [20, 34], [12, 32], [9, 13, 15, 25], [6, 14, 17, 22], [0, 2, 7, 10, 39], [3, 23, 33, 36, 38], [4, 19, 21, 35, 37], [1, 18]]
init BB:  [[5], [8], [11], [16], [24], [26], [27], [30], [31], [28, 29], [20, 34], [12, 32], [9, 13, 15, 25], [6, 14, 17, 22], [0, 2, 7, 10, 39], [3, 23, 33, 36, 38], [4, 19, 21, 35, 37], [1, 18]] 1913.4305826551208 378824.88871747674
best_BB [[8], [11], [16], [24], [26], [27], [30], [31], [28, 29], [20, 34], [12, 32], [9, 13, 15, 25], [6, 14, 17, 22], [0, 2, 7, 10, 39], [3, 23, 33, 36, 38], [4, 19, 21, 35, 37], [1, 5, 18]] 378951.0390128718
best mpm:  [[8], [11], [16], [24], [26], [27], [30], [31], [28, 29], [20, 34], [12, 32], [9, 13, 15, 25], [6, 14, 17, 22], [0, 2, 7, 10, 39], [3, 23, 33, 36, 38], [4, 19, 21, 35, 37], [1, 5, 18]]
init BB:  [[8], [11], [16], [24], [26], [27], [30], [31], [28, 29], [20, 34], [12, 32], [9, 13, 15, 25], [6, 14, 17, 22], [0, 2, 7, 10, 39], [3, 23, 33, 36, 38], [4, 19, 21, 35, 37], [1, 5, 18]] 1953.2937197937692 376997.745293078
best_BB [[8], [24], [26], [27], [30], [31], [28, 29], [20, 34], [12, 32], [9, 13, 15, 25], [6, 14, 17, 22], [0, 2, 7, 10, 39], [3, 23, 33, 36, 38], [4, 19, 21, 35, 37], [1, 5, 18], [11, 16]] 378866.29915560543
best_BB [[8], [16], [26], [27], [30], [31], [28, 29], [20, 34], [12, 32], [9, 13, 15, 25], [6, 14, 17, 22], [0, 2, 7, 10, 39], [3, 23, 33, 36, 38], [4, 19, 21, 35, 37], [1, 5, 18], [11, 24]] 378850.58963002014
best_BB [[8], [11], [24], [26], [30], [31], [28, 29], [20, 34], [12, 32], [9, 13, 15, 25], [6, 14, 17, 22], [0, 2, 7, 10, 39], [3, 23, 33, 36, 38], [4, 19, 21, 35, 37], [1, 5, 18], [16, 27]] 378813.98770387744
best mpm:  [[8], [11], [24], [26], [30], [31], [28, 29], [20, 34], [12, 32], [9, 13, 15, 25], [6, 14, 17, 22], [0, 2, 7, 10, 39], [3, 23, 33, 36, 38], [4, 19, 21, 35, 37], [1, 5, 18], [16, 27]]
init BB:  [[8], [11], [24], [26], [30], [31], [28, 29], [20, 34], [12, 32], [9, 13, 15, 25], [6, 14, 17, 22], [0, 2, 7, 10, 39], [3, 23, 33, 36, 38], [4, 19, 21, 35, 37], [1, 5, 18], [16, 27]] 1966.5814321733187 376847.4062717041
best_BB [[8], [26], [30], [31], [28, 29], [20, 34], [12, 32], [9, 13, 15, 25], [6, 14, 17, 22], [0, 2, 7, 10, 39], [3, 23, 33, 36, 38], [4, 19, 21, 35, 37], [1, 5, 18], [16, 27], [11, 24]] 378713.5383210258
best_BB [[8], [24], [26], [30], [31], [28, 29], [20, 34], [12, 32], [9, 13, 15, 25], [6, 14, 17, 22], [0, 2, 7, 10, 39], [3, 23, 33, 36, 38], [4, 19, 21, 35, 37], [1, 5, 18], [11, 16, 27]] 378646.9825989398
best_BB [[8], [11], [24], [26], [30], [28, 29], [20, 34], [12, 32], [9, 13, 15, 25], [6, 14, 17, 22], [0, 2, 7, 10, 39], [3, 23, 33, 36, 38], [4, 19, 21, 35, 37], [1, 5, 18], [16, 27, 31]] 378604.600561481
best mpm:  [[8], [11], [24], [26], [30], [28, 29], [20, 34], [12, 32], [9, 13, 15, 25], [6, 14, 17, 22], [0, 2, 7, 10, 39], [3, 23, 33, 36, 38], [4, 19, 21, 35, 37], [1, 5, 18], [16, 27, 31]]
init BB:  [[8], [11], [24], [26], [30], [28, 29], [20, 34], [12, 32], [9, 13, 15, 25], [6, 14, 17, 22], [0, 2, 7, 10, 39], [3, 23, 33, 36, 38], [4, 19, 21, 35, 37], [1, 5, 18], [16, 27, 31]] 2006.444569311967 376598.15599216905
best_BB [[8], [26], [30], [28, 29], [20, 34], [12, 32], [9, 13, 15, 25], [6, 14, 17, 22], [0, 2, 7, 10, 39], [3, 23, 33, 36, 38], [4, 19, 21, 35, 37], [1, 5, 18], [16, 27, 31], [11, 24]] 378504.1511786293
best_BB [[8], [24], [26], [30], [28, 29], [20, 34], [12, 32], [9, 13, 15, 25], [6, 14, 17, 22], [0, 2, 7, 10, 39], [3, 23, 33, 36, 38], [4, 19, 21, 35, 37], [1, 5, 18], [11, 16, 27, 31]] 378345.25524457486
best mpm:  [[8], [24], [26], [30], [28, 29], [20, 34], [12, 32], [9, 13, 15, 25], [6, 14, 17, 22], [0, 2, 7, 10, 39], [3, 23, 33, 36, 38], [4, 19, 21, 35, 37], [1, 5, 18], [11, 16, 27, 31]]
init BB:  [[8], [24], [26], [30], [28, 29], [20, 34], [12, 32], [9, 13, 15, 25], [6, 14, 17, 22], [0, 2, 7, 10, 39], [3, 23, 33, 36, 38], [4, 19, 21, 35, 37], [1, 5, 18], [11, 16, 27, 31]] 2099.458555968813 376245.79668860603
best_BB [[8], [26], [30], [28, 29], [20, 34], [12, 32], [9, 13, 15, 25], [6, 14, 17, 22], [0, 2, 7, 10, 39], [3, 23, 33, 36, 38], [4, 19, 21, 35, 37], [1, 5, 18], [11, 16, 24, 27, 31]] 377893.3221352702
best mpm:  [[8], [26], [30], [28, 29], [20, 34], [12, 32], [9, 13, 15, 25], [6, 14, 17, 22], [0, 2, 7, 10, 39], [3, 23, 33, 36, 38], [4, 19, 21, 35, 37], [1, 5, 18], [11, 16, 24, 27, 31]]
init BB:  [[8], [26], [30], [28, 29], [20, 34], [12, 32], [9, 13, 15, 25], [6, 14, 17, 22], [0, 2, 7, 10, 39], [3, 23, 33, 36, 38], [4, 19, 21, 35, 37], [1, 5, 18], [11, 16, 24, 27, 31]] 2298.774241662055 375594.54789360816
1 8
1 26
1 30
2 28 29
2 20 34
2 12 32
4 9 13 15 25
4 6 14 17 22
5 0 2 7 10 39
5 3 23 33 36 38
5 4 19 21 35 37
3 1 5 18
5 11 16 24 27 31
