init BB:  [[0], [1], [2], [3], [4], [5], [6], [7], [8], [9], [10], [11], [12], [13], [14], [15], [16], [17], [18], [19], [20], [21], [22], [23], [24], [25], [26], [27], [28], [29], [30], [31], [32], [33], [34], [35], [36], [37], [38], [39]] 531.508495181978 398753.63351404
best_BB [[1], [3], [4], [5], [6], [7], [8], [9], [10], [11], [12], [13], [14], [15], [16], [17], [18], [19], [20], [21], [22], [23], [24], [25], [26], [27], [28], [29], [30], [31], [32], [33], [34], [35], [36], [37], [38], [39], [0, 2]] 399281.65683506033
best_BB [[1], [2], [3], [4], [5], [6], [8], [9], [10], [11], [12], [13], [14], [15], [16], [17], [18], [19], [20], [21], [22], [23], [24], [25], [26], [27], [28], [29], [30], [31], [32], [33], [34], [35], [36], [37], [38], [39], [0, 7]] 399253.74719649315
best_BB [[0], [2], [3], [4], [6], [7], [8], [9], [10], [11], [12], [13], [14], [15], [16], [17], [18], [19], [20], [21], [22], [23], [24], [25], [26], [27], [28], [29], [30], [31], [32], [33], [34], [35], [36], [37], [38], [39], [1, 5]] 399220.8804526813
best_BB [[0], [1], [2], [3], [5], [6], [7], [8], [9], [10], [11], [12], [13], [14], [15], [16], [17], [18], [19], [20], [21], [22], [23], [24], [25], [26], [27], [28], [29], [30], [31], [32], [33], [34], [35], [36], [38], [39], [4, 37]] 399218.2965339267
best_BB [[0], [1], [2], [3], [4], [5], [7], [8], [9], [10], [11], [12], [13], [15], [16], [17], [18], [19], [20], [21], [22], [23], [24], [25], [26], [27], [28], [29], [30], [31], [32], [33], [34], [35], [36], [37], [38], [39], [6, 14]] 399189.13728082617
best_BB [[0], [1], [2], [3], [4], [5], [6], [7], [8], [10], [11], [12], [14], [15], [16], [17], [18], [19], [20], [21], [22], [23], [24], [25], [26], [27], [28], [29], [30], [31], [32], [33], [34], [35], [36], [37], [38], [39], [9, 13]] 399184.9284965089
best_BB [[0], [1], [2], [3], [4], [5], [6], [7], [8], [10], [11], [12], [13], [14], [16], [17], [18], [19], [20], [21], [22], [23], [24], [25], [26], [27], [28], [29], [30], [31], [32], [33], [34], [35], [36], [37], [38], [39], [9, 15]] 399170.02517948474
best_BB [[0], [1], [2], [3], [4], [5], [6], [7], [8], [10], [11], [12], [13], [14], [15], [16], [17], [18], [19], [20], [21], [22], [23], [24], [26], [27], [28], [29], [30], [31], [32], [33], [34], [35], [36], [37], [38], [39], [9, 25]] 399168.3164789197
best_BB [[0], [1], [2], [3], [4], [5], [6], [7], [8], [9], [10], [11], [13], [14], [15], [16], [17], [18], [19], [20], [21], [22], [23], [24], [25], [26], [27], [28], [29], [30], [31], [33], [34], [35], [36], [37], [38], [39], [12, 32]] 398059.4446298258
best_BB [[0], [1], [2], [3], [4], [5], [6], [7], [8], [9], [10], [11], [12], [13], [14], [15], [16], [17], [18], [19], [21], [22], [23], [24], [25], [26], [27], [28], [29], [30], [31], [32], [33], [35], [36], [37], [38], [39], [20, 34]] 398037.96236767044
best_BB [[0], [1], [2], [3], [4], [5], [6], [7], [8], [9], [10], [11], [12], [13], [14], [15], [16], [17], [18], [19], [20], [21], [22], [23], [24], [25], [26], [27], [30], [31], [32], [33], [34], [35], [36], [37], [38], [39], [28, 29]] 397799.06542913034
best mpm:  [[0], [1], [2], [3], [4], [5], [6], [7], [8], [9], [10], [11], [12], [13], [14], [15], [16], [17], [18], [19], [20], [21], [22], [23], [24], [25], [26], [27], [30], [31], [32], [33], [34], [35], [36], [37], [38], [39], [28, 29]]
init BB:  [[0], [1], [2], [3], [4], [5], [6], [7], [8], [9], [10], [11], [12], [13], [14], [15], [16], [17], [18], [19], [20], [21], [22], [23], [24], [25], [26], [27], [30], [31], [32], [33], [34], [35], [36], [37], [38], [39], [28, 29]] 544.7962075615275 397254.26922156883
best_BB [[1], [3], [4], [5], [6], [7], [8], [9], [10], [11], [12], [13], [14], [15], [16], [17], [18], [19], [20], [21], [22], [23], [24], [25], [26], [27], [30], [31], [32], [33], [34], [35], [36], [37], [38], [39], [28, 29], [0, 2]] 397795.5802549688
best_BB [[1], [2], [3], [4], [5], [6], [8], [9], [10], [11], [12], [13], [14], [15], [16], [17], [18], [19], [20], [21], [22], [23], [24], [25], [26], [27], [30], [31], [32], [33], [34], [35], [36], [37], [38], [39], [28, 29], [0, 7]] 397767.6706164017
best_BB [[0], [2], [3], [4], [6], [7], [8], [9], [10], [11], [12], [13], [14], [15], [16], [17], [18], [19], [20], [21], [22], [23], [24], [25], [26], [27], [30], [31], [32], [33], [34], [35], [36], [37], [38], [39], [28, 29], [1, 5]] 397734.80387258984
best_BB [[0], [1], [2], [3], [5], [6], [7], [8], [9], [10], [11], [12], [13], [14], [15], [16], [17], [18], [19], [20], [21], [22], [23], [24], [25], [26], [27], [30], [31], [32], [33], [34], [35], [36], [38], [39], [28, 29], [4, 37]] 397732.2199538352
best_BB [[0], [1], [2], [3], [4], [5], [7], [8], [9], [10], [11], [12], [13], [15], [16], [17], [18], [19], [20], [21], [22], [23], [24], [25], [26], [27], [30], [31], [32], [33], [34], [35], [36], [37], [38], [39], [28, 29], [6, 14]] 397703.0607007346
best_BB [[0], [1], [2], [3], [4], [5], [6], [7], [8], [10], [11], [12], [14], [15], [16], [17], [18], [19], [20], [21], [22], [23], [24], [25], [26], [27], [30], [31], [32], [33], [34], [35], [36], [37], [38], [39], [28, 29], [9, 13]] 397698.85191641736
best_BB [[0], [1], [2], [3], [4], [5], [6], [7], [8], [10], [11], [12], [13], [14], [16], [17], [18], [19], [20], [21], [22], [23], [24], [25], [26], [27], [30], [31], [32], [33], [34], [35], [36], [37], [38], [39], [28, 29], [9, 15]] 397683.9485993932
best_BB [[0], [1], [2], [3], [4], [5], [6], [7], [8], [10], [11], [12], [13], [14], [15], [16], [17], [18], [19], [20], [21], [22], [23], [24], [26], [27], [30], [31], [32], [33], [34], [35], [36], [37], [38], [39], [28, 29], [9, 25]] 397682.23989882815
best_BB [[0], [1], [2], [3], [4], [5], [6], [7], [8], [9], [10], [11], [13], [14], [15], [16], [17], [18], [19], [20], [21], [22], [23], [24], [25], [26], [27], [30], [31], [33], [34], [35], [36], [37], [38], [39], [28, 29], [12, 32]] 396573.3680497343
best_BB [[0], [1], [2], [3], [4], [5], [6], [7], [8], [9], [10], [11], [12], [13], [14], [15], [16], [17], [18], [19], [21], [22], [23], [24], [25], [26], [27], [30], [31], [32], [33], [35], [36], [37], [38], [39], [28, 29], [20, 34]] 396551.88578757894
best mpm:  [[0], [1], [2], [3], [4], [5], [6], [7], [8], [9], [10], [11], [12], [13], [14], [15], [16], [17], [18], [19], [21], [22], [23], [24], [25], [26], [27], [30], [31], [32], [33], [35], [36], [37], [38], [39], [28, 29], [20, 34]]
init BB:  [[0], [1], [2], [3], [4], [5], [6], [7], [8], [9], [10], [11], [12], [13], [14], [15], [16], [17], [18], [19], [21], [22], [23], [24], [25], [26], [27], [30], [31], [32], [33], [35], [36], [37], [38], [39], [28, 29], [20, 34]] 558.0839199410769 395993.80186763784
best_BB [[1], [3], [4], [5], [6], [7], [8], [9], [10], [11], [12], [13], [14], [15], [16], [17], [18], [19], [21], [22], [23], [24], [25], [26], [27], [30], [31], [32], [33], [35], [36], [37], [38], [39], [28, 29], [20, 34], [0, 2]] 396548.4006134173
best_BB [[1], [2], [3], [4], [5], [6], [8], [9], [10], [11], [12], [13], [14], [15], [16], [17], [18], [19], [21], [22], [23], [24], [25], [26], [27], [30], [31], [32], [33], [35], [36], [37], [38], [39], [28, 29], [20, 34], [0, 7]] 396520.4909748502
best_BB [[0], [2], [3], [4], [6], [7], [8], [9], [10], [11], [12], [13], [14], [15], [16], [17], [18], [19], [21], [22], [23], [24], [25], [26], [27], [30], [31], [32], [33], [35], [36], [37], [38], [39], [28, 29], [20, 34], [1, 5]] 396487.6242310383
best_BB [[0], [1], [2], [3], [5], [6], [7], [8], [9], [10], [11], [12], [13], [14], [15], [16], [17], [18], [19], [21], [22], [23], [24], [25], [26], [27], [30], [31], [32], [33], [35], [36], [38], [39], [28, 29], [20, 34], [4, 37]] 396485.0403122838
best_BB [[0], [1], [2], [3], [4], [5], [7], [8], [9], [10], [11], [12], [13], [15], [16], [17], [18], [19], [21], [22], [23], [24], [25], [26], [27], [30], [31], [32], [33], [35], [36], [37], [38], [39], [28, 29], [20, 34], [6, 14]] 396455.8810591832
best_BB [[0], [1], [2], [3], [4], [5], [6], [7], [8], [10], [11], [12], [14], [15], [16], [17], [18], [19], [21], [22], [23], [24], [25], [26], [27], [30], [31], [32], [33], [35], [36], [37], [38], [39], [28, 29], [20, 34], [9, 13]] 396451.6722748659
best_BB [[0], [1], [2], [3], [4], [5], [6], [7], [8], [10], [11], [12], [13], [14], [16], [17], [18], [19], [21], [22], [23], [24], [25], [26], [27], [30], [31], [32], [33], [35], [36], [37], [38], [39], [28, 29], [20, 34], [9, 15]] 396436.76895784173
best_BB [[0], [1], [2], [3], [4], [5], [6], [7], [8], [10], [11], [12], [13], [14], [15], [16], [17], [18], [19], [21], [22], [23], [24], [26], [27], [30], [31], [32], [33], [35], [36], [37], [38], [39], [28, 29], [20, 34], [9, 25]] 396435.0602572767
best_BB [[0], [1], [2], [3], [4], [5], [6], [7], [8], [9], [10], [11], [13], [14], [15], [16], [17], [18], [19], [21], [22], [23], [24], [25], [26], [27], [30], [31], [33], [35], [36], [37], [38], [39], [28, 29], [20, 34], [12, 32]] 395326.1884081827
best mpm:  [[0], [1], [2], [3], [4], [5], [6], [7], [8], [9], [10], [11], [13], [14], [15], [16], [17], [18], [19], [21], [22], [23], [24], [25], [26], [27], [30], [31], [33], [35], [36], [37], [38], [39], [28, 29], [20, 34], [12, 32]]
init BB:  [[0], [1], [2], [3], [4], [5], [6], [7], [8], [9], [10], [11], [13], [14], [15], [16], [17], [18], [19], [21], [22], [23], [24], [25], [26], [27], [30], [31], [33], [35], [36], [37], [38], [39], [28, 29], [20, 34], [12, 32]] 571.3716323206264 394754.81677586207
best_BB [[1], [3], [4], [5], [6], [7], [8], [9], [10], [11], [13], [14], [15], [16], [17], [18], [19], [21], [22], [23], [24], [25], [26], [27], [30], [31], [33], [35], [36], [37], [38], [39], [28, 29], [20, 34], [12, 32], [0, 2]] 395322.7032340212
best_BB [[1], [2], [3], [4], [5], [6], [8], [9], [10], [11], [13], [14], [15], [16], [17], [18], [19], [21], [22], [23], [24], [25], [26], [27], [30], [31], [33], [35], [36], [37], [38], [39], [28, 29], [20, 34], [12, 32], [0, 7]] 395294.7935954541
best_BB [[0], [2], [3], [4], [6], [7], [8], [9], [10], [11], [13], [14], [15], [16], [17], [18], [19], [21], [22], [23], [24], [25], [26], [27], [30], [31], [33], [35], [36], [37], [38], [39], [28, 29], [20, 34], [12, 32], [1, 5]] 395261.9268516422
best_BB [[0], [1], [2], [3], [5], [6], [7], [8], [9], [10], [11], [13], [14], [15], [16], [17], [18], [19], [21], [22], [23], [24], [25], [26], [27], [30], [31], [33], [35], [36], [38], [39], [28, 29], [20, 34], [12, 32], [4, 37]] 395259.3429328876
best_BB [[0], [1], [2], [3], [4], [5], [7], [8], [9], [10], [11], [13], [15], [16], [17], [18], [19], [21], [22], [23], [24], [25], [26], [27], [30], [31], [33], [35], [36], [37], [38], [39], [28, 29], [20, 34], [12, 32], [6, 14]] 395230.1836797871
best_BB [[0], [1], [2], [3], [4], [5], [6], [7], [8], [10], [11], [14], [15], [16], [17], [18], [19], [21], [22], [23], [24], [25], [26], [27], [30], [31], [33], [35], [36], [37], [38], [39], [28, 29], [20, 34], [12, 32], [9, 13]] 395225.97489546984
best_BB [[0], [1], [2], [3], [4], [5], [6], [7], [8], [10], [11], [13], [14], [16], [17], [18], [19], [21], [22], [23], [24], [25], [26], [27], [30], [31], [33], [35], [36], [37], [38], [39], [28, 29], [20, 34], [12, 32], [9, 15]] 395211.07157844555
best_BB [[0], [1], [2], [3], [4], [5], [6], [7], [8], [10], [11], [13], [14], [15], [16], [17], [18], [19], [21], [22], [23], [24], [26], [27], [30], [31], [33], [35], [36], [37], [38], [39], [28, 29], [20, 34], [12, 32], [9, 25]] 395209.3628778805
best_BB [[0], [1], [2], [3], [4], [5], [6], [7], [8], [9], [10], [11], [14], [16], [17], [18], [19], [21], [22], [23], [24], [25], [26], [27], [30], [31], [33], [35], [36], [37], [38], [39], [28, 29], [20, 34], [12, 32], [13, 15]] 395208.47500555444
best mpm:  [[0], [1], [2], [3], [4], [5], [6], [7], [8], [9], [10], [11], [14], [16], [17], [18], [19], [21], [22], [23], [24], [25], [26], [27], [30], [31], [33], [35], [36], [37], [38], [39], [28, 29], [20, 34], [12, 32], [13, 15]]
init BB:  [[0], [1], [2], [3], [4], [5], [6], [7], [8], [9], [10], [11], [14], [16], [17], [18], [19], [21], [22], [23], [24], [25], [26], [27], [30], [31], [33], [35], [36], [37], [38], [39], [28, 29], [20, 34], [12, 32], [13, 15]] 584.6593447001758 394623.8156608543
best_BB [[1], [3], [4], [5], [6], [7], [8], [9], [10], [11], [14], [16], [17], [18], [19], [21], [22], [23], [24], [25], [26], [27], [30], [31], [33], [35], [36], [37], [38], [39], [28, 29], [20, 34], [12, 32], [13, 15], [0, 2]] 395204.9898313929
best_BB [[1], [2], [3], [4], [5], [6], [8], [9], [10], [11], [14], [16], [17], [18], [19], [21], [22], [23], [24], [25], [26], [27], [30], [31], [33], [35], [36], [37], [38], [39], [28, 29], [20, 34], [12, 32], [13, 15], [0, 7]] 395177.08019282576
best_BB [[0], [2], [3], [4], [6], [7], [8], [9], [10], [11], [14], [16], [17], [18], [19], [21], [22], [23], [24], [25], [26], [27], [30], [31], [33], [35], [36], [37], [38], [39], [28, 29], [20, 34], [12, 32], [13, 15], [1, 5]] 395144.2134490139
best_BB [[0], [1], [2], [3], [5], [6], [7], [8], [9], [10], [11], [14], [16], [17], [18], [19], [21], [22], [23], [24], [25], [26], [27], [30], [31], [33], [35], [36], [38], [39], [28, 29], [20, 34], [12, 32], [13, 15], [4, 37]] 395141.62953025923
best_BB [[0], [1], [2], [3], [4], [5], [7], [8], [9], [10], [11], [16], [17], [18], [19], [21], [22], [23], [24], [25], [26], [27], [30], [31], [33], [35], [36], [37], [38], [39], [28, 29], [20, 34], [12, 32], [13, 15], [6, 14]] 395112.4702771587
best_BB [[0], [1], [2], [3], [4], [5], [6], [7], [8], [10], [11], [14], [16], [17], [18], [19], [21], [22], [23], [24], [26], [27], [30], [31], [33], [35], [36], [37], [38], [39], [28, 29], [20, 34], [12, 32], [13, 15], [9, 25]] 395091.64947525214
best_BB [[0], [1], [2], [3], [4], [5], [6], [7], [8], [10], [11], [14], [16], [17], [18], [19], [21], [22], [23], [24], [25], [26], [27], [30], [31], [33], [35], [36], [37], [38], [39], [28, 29], [20, 34], [12, 32], [9, 13, 15]] 394820.12194065965
best mpm:  [[0], [1], [2], [3], [4], [5], [6], [7], [8], [10], [11], [14], [16], [17], [18], [19], [21], [22], [23], [24], [25], [26], [27], [30], [31], [33], [35], [36], [37], [38], [39], [28, 29], [20, 34], [12, 32], [9, 13, 15]]
init BB:  [[0], [1], [2], [3], [4], [5], [6], [7], [8], [10], [11], [14], [16], [17], [18], [19], [21], [22], [23], [24], [25], [26], [27], [30], [31], [33], [35], [36], [37], [38], [39], [28, 29], [20, 34], [12, 32], [9, 13, 15]] 624.5224818388242 394195.5994588208
best_BB [[1], [3], [4], [5], [6], [7], [8], [10], [11], [14], [16], [17], [18], [19], [21], [22], [23], [24], [25], [26], [27], [30], [31], [33], [35], [36], [37], [38], [39], [28, 29], [20, 34], [12, 32], [9, 13, 15], [0, 2]] 394816.63676649815
best_BB [[1], [2], [3], [4], [5], [6], [8], [10], [11], [14], [16], [17], [18], [19], [21], [22], [23], [24], [25], [26], [27], [30], [31], [33], [35], [36], [37], [38], [39], [28, 29], [20, 34], [12, 32], [9, 13, 15], [0, 7]] 394788.727127931
best_BB [[0], [2], [3], [4], [6], [7], [8], [10], [11], [14], [16], [17], [18], [19], [21], [22], [23], [24], [25], [26], [27], [30], [31], [33], [35], [36], [37], [38], [39], [28, 29], [20, 34], [12, 32], [9, 13, 15], [1, 5]] 394755.86038411915
best_BB [[0], [1], [2], [3], [5], [6], [7], [8], [10], [11], [14], [16], [17], [18], [19], [21], [22], [23], [24], [25], [26], [27], [30], [31], [33], [35], [36], [38], [39], [28, 29], [20, 34], [12, 32], [9, 13, 15], [4, 37]] 394753.27646536444
best_BB [[0], [1], [2], [3], [4], [5], [7], [8], [10], [11], [16], [17], [18], [19], [21], [22], [23], [24], [25], [26], [27], [30], [31], [33], [35], [36], [37], [38], [39], [28, 29], [20, 34], [12, 32], [9, 13, 15], [6, 14]] 394724.11721226404
best_BB [[0], [1], [2], [3], [4], [5], [6], [7], [8], [10], [11], [16], [17], [18], [19], [21], [23], [24], [25], [26], [27], [30], [31], [33], [35], [36], [37], [38], [39], [28, 29], [20, 34], [12, 32], [9, 13, 15], [14, 22]] 394721.35934961506
best_BB [[0], [1], [2], [3], [4], [5], [6], [7], [8], [10], [11], [14], [16], [18], [19], [21], [23], [24], [25], [26], [27], [30], [31], [33], [35], [36], [37], [38], [39], [28, 29], [20, 34], [12, 32], [9, 13, 15], [17, 22]] 394718.35717206687
best_BB [[0], [1], [2], [3], [4], [5], [6], [7], [8], [10], [11], [14], [16], [17], [18], [19], [21], [22], [23], [24], [26], [27], [30], [31], [33], [35], [36], [37], [38], [39], [28, 29], [20, 34], [12, 32], [9, 13, 15, 25]] 394216.03523566027
best mpm:  [[0], [1], [2], [3], [4], [5], [6], [7], [8], [10], [11], [14], [16], [17], [18], [19], [21], [22], [23], [24], [26], [27], [30], [31], [33], [35], [36], [37], [38], [39], [28, 29], [20, 34], [12, 32], [9, 13, 15, 25]]
init BB:  [[0], [1], [2], [3], [4], [5], [6], [7], [8], [10], [11], [14], [16], [17], [18], [19], [21], [22], [23], [24], [26], [27], [30], [31], [33], [35], [36], [37], [38], [39], [28, 29], [20, 34], [12, 32], [9, 13, 15, 25]] 717.5364684956703 393498.4987671646
best_BB [[1], [3], [4], [5], [6], [7], [8], [10], [11], [14], [16], [17], [18], [19], [21], [22], [23], [24], [26], [27], [30], [31], [33], [35], [36], [37], [38], [39], [28, 29], [20, 34], [12, 32], [9, 13, 15, 25], [0, 2]] 394212.55006149877
best_BB [[1], [2], [3], [4], [5], [6], [8], [10], [11], [14], [16], [17], [18], [19], [21], [22], [23], [24], [26], [27], [30], [31], [33], [35], [36], [37], [38], [39], [28, 29], [20, 34], [12, 32], [9, 13, 15, 25], [0, 7]] 394184.6404229315
best_BB [[0], [2], [3], [4], [6], [7], [8], [10], [11], [14], [16], [17], [18], [19], [21], [22], [23], [24], [26], [27], [30], [31], [33], [35], [36], [37], [38], [39], [28, 29], [20, 34], [12, 32], [9, 13, 15, 25], [1, 5]] 394151.7736791197
best_BB [[0], [1], [2], [3], [5], [6], [7], [8], [10], [11], [14], [16], [17], [18], [19], [21], [22], [23], [24], [26], [27], [30], [31], [33], [35], [36], [38], [39], [28, 29], [20, 34], [12, 32], [9, 13, 15, 25], [4, 37]] 394149.18976036506
best_BB [[0], [1], [2], [3], [4], [5], [7], [8], [10], [11], [16], [17], [18], [19], [21], [22], [23], [24], [26], [27], [30], [31], [33], [35], [36], [37], [38], [39], [28, 29], [20, 34], [12, 32], [9, 13, 15, 25], [6, 14]] 394120.0305072646
best_BB [[0], [1], [2], [3], [4], [5], [6], [7], [8], [10], [11], [16], [17], [18], [19], [21], [23], [24], [26], [27], [30], [31], [33], [35], [36], [37], [38], [39], [28, 29], [20, 34], [12, 32], [9, 13, 15, 25], [14, 22]] 394117.2726446157
best_BB [[0], [1], [2], [3], [4], [5], [6], [7], [8], [10], [11], [14], [16], [18], [19], [21], [23], [24], [26], [27], [30], [31], [33], [35], [36], [37], [38], [39], [28, 29], [20, 34], [12, 32], [9, 13, 15, 25], [17, 22]] 394114.2704670675
best mpm:  [[0], [1], [2], [3], [4], [5], [6], [7], [8], [10], [11], [14], [16], [18], [19], [21], [23], [24], [26], [27], [30], [31], [33], [35], [36], [37], [38], [39], [28, 29], [20, 34], [12, 32], [9, 13, 15, 25], [17, 22]]
init BB:  [[0], [1], [2], [3], [4], [5], [6], [7], [8], [10], [11], [14], [16], [18], [19], [21], [23], [24], [26], [27], [30], [31], [33], [35], [36], [37], [38], [39], [28, 29], [20, 34], [12, 32], [9, 13, 15, 25], [17, 22]] 730.8241808752198 393383.4462861923
best_BB [[1], [3], [4], [5], [6], [7], [8], [10], [11], [14], [16], [18], [19], [21], [23], [24], [26], [27], [30], [31], [33], [35], [36], [37], [38], [39], [28, 29], [20, 34], [12, 32], [9, 13, 15, 25], [17, 22], [0, 2]] 394110.78529290593
best_BB [[1], [2], [3], [4], [5], [6], [8], [10], [11], [14], [16], [18], [19], [21], [23], [24], [26], [27], [30], [31], [33], [35], [36], [37], [38], [39], [28, 29], [20, 34], [12, 32], [9, 13, 15, 25], [17, 22], [0, 7]] 394082.8756543386
best_BB [[0], [2], [3], [4], [6], [7], [8], [10], [11], [14], [16], [18], [19], [21], [23], [24], [26], [27], [30], [31], [33], [35], [36], [37], [38], [39], [28, 29], [20, 34], [12, 32], [9, 13, 15, 25], [17, 22], [1, 5]] 394050.0089105268
best_BB [[0], [1], [2], [3], [5], [6], [7], [8], [10], [11], [14], [16], [18], [19], [21], [23], [24], [26], [27], [30], [31], [33], [35], [36], [38], [39], [28, 29], [20, 34], [12, 32], [9, 13, 15, 25], [17, 22], [4, 37]] 394047.4249917723
best_BB [[0], [1], [2], [3], [4], [5], [7], [8], [10], [11], [16], [18], [19], [21], [23], [24], [26], [27], [30], [31], [33], [35], [36], [37], [38], [39], [28, 29], [20, 34], [12, 32], [9, 13, 15, 25], [17, 22], [6, 14]] 394018.26573867165
best_BB [[0], [1], [2], [3], [4], [5], [7], [8], [10], [11], [14], [16], [18], [19], [21], [23], [24], [26], [27], [30], [31], [33], [35], [36], [37], [38], [39], [28, 29], [20, 34], [12, 32], [9, 13, 15, 25], [6, 17, 22]] 393878.11352081026
best_BB [[0], [1], [2], [3], [4], [5], [6], [7], [8], [10], [11], [16], [18], [19], [21], [23], [24], [26], [27], [30], [31], [33], [35], [36], [37], [38], [39], [28, 29], [20, 34], [12, 32], [9, 13, 15, 25], [14, 17, 22]] 393793.79092689016
best mpm:  [[0], [1], [2], [3], [4], [5], [6], [7], [8], [10], [11], [16], [18], [19], [21], [23], [24], [26], [27], [30], [31], [33], [35], [36], [37], [38], [39], [28, 29], [20, 34], [12, 32], [9, 13, 15, 25], [14, 17, 22]]
init BB:  [[0], [1], [2], [3], [4], [5], [6], [7], [8], [10], [11], [16], [18], [19], [21], [23], [24], [26], [27], [30], [31], [33], [35], [36], [37], [38], [39], [28, 29], [20, 34], [12, 32], [9, 13, 15, 25], [14, 17, 22]] 770.6873180138681 393023.1036088763
best_BB [[1], [3], [4], [5], [6], [7], [8], [10], [11], [16], [18], [19], [21], [23], [24], [26], [27], [30], [31], [33], [35], [36], [37], [38], [39], [28, 29], [20, 34], [12, 32], [9, 13, 15, 25], [14, 17, 22], [0, 2]] 393790.30575272854
best_BB [[1], [2], [3], [4], [5], [6], [8], [10], [11], [16], [18], [19], [21], [23], [24], [26], [27], [30], [31], [33], [35], [36], [37], [38], [39], [28, 29], [20, 34], [12, 32], [9, 13, 15, 25], [14, 17, 22], [0, 7]] 393762.3961141615
best_BB [[0], [2], [3], [4], [6], [7], [8], [10], [11], [16], [18], [19], [21], [23], [24], [26], [27], [30], [31], [33], [35], [36], [37], [38], [39], [28, 29], [20, 34], [12, 32], [9, 13, 15, 25], [14, 17, 22], [1, 5]] 393729.5293703496
best_BB [[0], [1], [2], [3], [5], [6], [7], [8], [10], [11], [16], [18], [19], [21], [23], [24], [26], [27], [30], [31], [33], [35], [36], [38], [39], [28, 29], [20, 34], [12, 32], [9, 13, 15, 25], [14, 17, 22], [4, 37]] 393726.94545159495
best_BB [[0], [1], [2], [3], [4], [5], [7], [8], [10], [11], [16], [18], [19], [21], [23], [24], [26], [27], [30], [31], [33], [35], [36], [37], [38], [39], [28, 29], [20, 34], [12, 32], [9, 13, 15, 25], [6, 14, 17, 22]] 393339.14674434875
best mpm:  [[0], [1], [2], [3], [4], [5], [7], [8], [10], [11], [16], [18], [19], [21], [23], [24], [26], [27], [30], [31], [33], [35], [36], [37], [38], [39], [28, 29], [20, 34], [12, 32], [9, 13, 15, 25], [6, 14, 17, 22]]
init BB:  [[0], [1], [2], [3], [4], [5], [7], [8], [10], [11], [16], [18], [19], [21], [23], [24], [26], [27], [30], [31], [33], [35], [36], [37], [38], [39], [28, 29], [20, 34], [12, 32], [9, 13, 15, 25], [6, 14, 17, 22]] 863.7013046707143 392475.44543967803
best_BB [[1], [3], [4], [5], [7], [8], [10], [11], [16], [18], [19], [21], [23], [24], [26], [27], [30], [31], [33], [35], [36], [37], [38], [39], [28, 29], [20, 34], [12, 32], [9, 13, 15, 25], [6, 14, 17, 22], [0, 2]] 393335.661570187
best_BB [[1], [2], [3], [4], [5], [8], [10], [11], [16], [18], [19], [21], [23], [24], [26], [27], [30], [31], [33], [35], [36], [37], [38], [39], [28, 29], [20, 34], [12, 32], [9, 13, 15, 25], [6, 14, 17, 22], [0, 7]] 393307.75193161995
best_BB [[0], [2], [3], [4], [7], [8], [10], [11], [16], [18], [19], [21], [23], [24], [26], [27], [30], [31], [33], [35], [36], [37], [38], [39], [28, 29], [20, 34], [12, 32], [9, 13, 15, 25], [6, 14, 17, 22], [1, 5]] 393274.88518780813
best_BB [[0], [1], [2], [3], [5], [7], [8], [10], [11], [16], [18], [19], [21], [23], [24], [26], [27], [30], [31], [33], [35], [36], [38], [39], [28, 29], [20, 34], [12, 32], [9, 13, 15, 25], [6, 14, 17, 22], [4, 37]] 393272.3012690535
best mpm:  [[0], [1], [2], [3], [5], [7], [8], [10], [11], [16], [18], [19], [21], [23], [24], [26], [27], [30], [31], [33], [35], [36], [38], [39], [28, 29], [20, 34], [12, 32], [9, 13, 15, 25], [6, 14, 17, 22], [4, 37]]
init BB:  [[0], [1], [2], [3], [5], [7], [8], [10], [11], [16], [18], [19], [21], [23], [24], [26], [27], [30], [31], [33], [35], [36], [38], [39], [28, 29], [20, 34], [12, 32], [9, 13, 15, 25], [6, 14, 17, 22], [4, 37]] 876.9890170502638 392395.31225200323
best_BB [[1], [3], [5], [7], [8], [10], [11], [16], [18], [19], [21], [23], [24], [26], [27], [30], [31], [33], [35], [36], [38], [39], [28, 29], [20, 34], [12, 32], [9, 13, 15, 25], [6, 14, 17, 22], [4, 37], [0, 2]] 393268.81609489187
best_BB [[1], [2], [3], [5], [8], [10], [11], [16], [18], [19], [21], [23], [24], [26], [27], [30], [31], [33], [35], [36], [38], [39], [28, 29], [20, 34], [12, 32], [9, 13, 15, 25], [6, 14, 17, 22], [4, 37], [0, 7]] 393240.9064563249
best_BB [[0], [2], [3], [7], [8], [10], [11], [16], [18], [19], [21], [23], [24], [26], [27], [30], [31], [33], [35], [36], [38], [39], [28, 29], [20, 34], [12, 32], [9, 13, 15, 25], [6, 14, 17, 22], [4, 37], [1, 5]] 393208.0397125129
best_BB [[0], [1], [2], [3], [5], [7], [8], [10], [11], [16], [18], [19], [21], [23], [24], [26], [27], [30], [31], [35], [38], [39], [28, 29], [20, 34], [12, 32], [9, 13, 15, 25], [6, 14, 17, 22], [4, 37], [33, 36]] 393206.99173181417
best mpm:  [[0], [1], [2], [3], [5], [7], [8], [10], [11], [16], [18], [19], [21], [23], [24], [26], [27], [30], [31], [35], [38], [39], [28, 29], [20, 34], [12, 32], [9, 13, 15, 25], [6, 14, 17, 22], [4, 37], [33, 36]]
init BB:  [[0], [1], [2], [3], [5], [7], [8], [10], [11], [16], [18], [19], [21], [23], [24], [26], [27], [30], [31], [35], [38], [39], [28, 29], [20, 34], [12, 32], [9, 13, 15, 25], [6, 14, 17, 22], [4, 37], [33, 36]] 890.2767294298131 392316.7150023843
best_BB [[1], [3], [5], [7], [8], [10], [11], [16], [18], [19], [21], [23], [24], [26], [27], [30], [31], [35], [38], [39], [28, 29], [20, 34], [12, 32], [9, 13, 15, 25], [6, 14, 17, 22], [4, 37], [33, 36], [0, 2]] 393203.5065576525
best_BB [[1], [2], [3], [5], [8], [10], [11], [16], [18], [19], [21], [23], [24], [26], [27], [30], [31], [35], [38], [39], [28, 29], [20, 34], [12, 32], [9, 13, 15, 25], [6, 14, 17, 22], [4, 37], [33, 36], [0, 7]] 393175.59691908536
best_BB [[0], [2], [3], [7], [8], [10], [11], [16], [18], [19], [21], [23], [24], [26], [27], [30], [31], [35], [38], [39], [28, 29], [20, 34], [12, 32], [9, 13, 15, 25], [6, 14, 17, 22], [4, 37], [33, 36], [1, 5]] 393142.7301752736
best mpm:  [[0], [2], [3], [7], [8], [10], [11], [16], [18], [19], [21], [23], [24], [26], [27], [30], [31], [35], [38], [39], [28, 29], [20, 34], [12, 32], [9, 13, 15, 25], [6, 14, 17, 22], [4, 37], [33, 36], [1, 5]]
init BB:  [[0], [2], [3], [7], [8], [10], [11], [16], [18], [19], [21], [23], [24], [26], [27], [30], [31], [35], [38], [39], [28, 29], [20, 34], [12, 32], [9, 13, 15, 25], [6, 14, 17, 22], [4, 37], [33, 36], [1, 5]] 903.5644418093626 392239.16573346424
best_BB [[3], [7], [8], [10], [11], [16], [18], [19], [21], [23], [24], [26], [27], [30], [31], [35], [38], [39], [28, 29], [20, 34], [12, 32], [9, 13, 15, 25], [6, 14, 17, 22], [4, 37], [33, 36], [1, 5], [0, 2]] 393139.2450011119
best_BB [[2], [3], [8], [10], [11], [16], [18], [19], [21], [23], [24], [26], [27], [30], [31], [35], [38], [39], [28, 29], [20, 34], [12, 32], [9, 13, 15, 25], [6, 14, 17, 22], [4, 37], [33, 36], [1, 5], [0, 7]] 393111.3353625448
best_BB [[0], [3], [7], [8], [10], [11], [16], [18], [19], [21], [23], [24], [26], [27], [30], [31], [35], [38], [28, 29], [20, 34], [12, 32], [9, 13, 15, 25], [6, 14, 17, 22], [4, 37], [33, 36], [1, 5], [2, 39]] 393081.1358624252
best_BB [[0], [2], [3], [7], [8], [10], [11], [16], [19], [21], [23], [24], [26], [27], [30], [31], [35], [38], [39], [28, 29], [20, 34], [12, 32], [9, 13, 15, 25], [6, 14, 17, 22], [4, 37], [33, 36], [1, 5, 18]] 392282.61026186275
best mpm:  [[0], [2], [3], [7], [8], [10], [11], [16], [19], [21], [23], [24], [26], [27], [30], [31], [35], [38], [39], [28, 29], [20, 34], [12, 32], [9, 13, 15, 25], [6, 14, 17, 22], [4, 37], [33, 36], [1, 5, 18]]
init BB:  [[0], [2], [3], [7], [8], [10], [11], [16], [19], [21], [23], [24], [26], [27], [30], [31], [35], [38], [39], [28, 29], [20, 34], [12, 32], [9, 13, 15, 25], [6, 14, 17, 22], [4, 37], [33, 36], [1, 5, 18]] 943.4275789480109 391339.1826829147
best_BB [[3], [7], [8], [10], [11], [16], [19], [21], [23], [24], [26], [27], [30], [31], [35], [38], [39], [28, 29], [20, 34], [12, 32], [9, 13, 15, 25], [6, 14, 17, 22], [4, 37], [33, 36], [1, 5, 18], [0, 2]] 392279.12508770113
best_BB [[2], [3], [8], [10], [11], [16], [19], [21], [23], [24], [26], [27], [30], [31], [35], [38], [39], [28, 29], [20, 34], [12, 32], [9, 13, 15, 25], [6, 14, 17, 22], [4, 37], [33, 36], [1, 5, 18], [0, 7]] 392251.21544913395
best_BB [[0], [3], [7], [8], [10], [11], [16], [19], [21], [23], [24], [26], [27], [30], [31], [35], [38], [28, 29], [20, 34], [12, 32], [9, 13, 15, 25], [6, 14, 17, 22], [4, 37], [33, 36], [1, 5, 18], [2, 39]] 392221.01594901434
best mpm:  [[0], [3], [7], [8], [10], [11], [16], [19], [21], [23], [24], [26], [27], [30], [31], [35], [38], [28, 29], [20, 34], [12, 32], [9, 13, 15, 25], [6, 14, 17, 22], [4, 37], [33, 36], [1, 5, 18], [2, 39]]
init BB:  [[0], [3], [7], [8], [10], [11], [16], [19], [21], [23], [24], [26], [27], [30], [31], [35], [38], [28, 29], [20, 34], [12, 32], [9, 13, 15, 25], [6, 14, 17, 22], [4, 37], [33, 36], [1, 5, 18], [2, 39]] 956.7152913275604 391264.3006576868
best_BB [[3], [8], [10], [11], [16], [19], [21], [23], [24], [26], [27], [30], [31], [35], [38], [28, 29], [20, 34], [12, 32], [9, 13, 15, 25], [6, 14, 17, 22], [4, 37], [33, 36], [1, 5, 18], [2, 39], [0, 7]] 392189.6211362856
best_BB [[3], [7], [8], [10], [11], [16], [19], [21], [23], [24], [26], [27], [30], [31], [35], [38], [28, 29], [20, 34], [12, 32], [9, 13, 15, 25], [6, 14, 17, 22], [4, 37], [33, 36], [1, 5, 18], [0, 2, 39]] 392180.3741459148
best_BB [[0], [3], [7], [8], [11], [16], [19], [21], [23], [24], [26], [27], [30], [31], [35], [38], [28, 29], [20, 34], [12, 32], [9, 13, 15, 25], [6, 14, 17, 22], [4, 37], [33, 36], [1, 5, 18], [2, 10, 39]] 392160.76312794216
best mpm:  [[0], [3], [7], [8], [11], [16], [19], [21], [23], [24], [26], [27], [30], [31], [35], [38], [28, 29], [20, 34], [12, 32], [9, 13, 15, 25], [6, 14, 17, 22], [4, 37], [33, 36], [1, 5, 18], [2, 10, 39]]
init BB:  [[0], [3], [7], [8], [11], [16], [19], [21], [23], [24], [26], [27], [30], [31], [35], [38], [28, 29], [20, 34], [12, 32], [9, 13, 15, 25], [6, 14, 17, 22], [4, 37], [33, 36], [1, 5, 18], [2, 10, 39]] 996.5784284662088 391164.18469947594
best_BB [[3], [8], [11], [16], [19], [21], [23], [24], [26], [27], [30], [31], [35], [38], [28, 29], [20, 34], [12, 32], [9, 13, 15, 25], [6, 14, 17, 22], [4, 37], [33, 36], [1, 5, 18], [2, 10, 39], [0, 7]] 392129.3683152134
best_BB [[0], [3], [7], [8], [11], [16], [23], [24], [26], [27], [30], [31], [35], [38], [28, 29], [20, 34], [12, 32], [9, 13, 15, 25], [6, 14, 17, 22], [4, 37], [33, 36], [1, 5, 18], [2, 10, 39], [19, 21]] 392125.94345649774
best_BB [[0], [3], [7], [8], [11], [16], [21], [23], [24], [26], [27], [30], [31], [38], [28, 29], [20, 34], [12, 32], [9, 13, 15, 25], [6, 14, 17, 22], [4, 37], [33, 36], [1, 5, 18], [2, 10, 39], [19, 35]] 392124.082705776
best_BB [[0], [3], [7], [8], [11], [16], [21], [23], [24], [26], [27], [30], [31], [35], [38], [28, 29], [20, 34], [12, 32], [9, 13, 15, 25], [6, 14, 17, 22], [33, 36], [1, 5, 18], [2, 10, 39], [4, 19, 37]] 392102.93559426063
best_BB [[0], [3], [7], [8], [11], [16], [19], [21], [23], [24], [26], [27], [30], [31], [38], [28, 29], [20, 34], [12, 32], [9, 13, 15, 25], [6, 14, 17, 22], [33, 36], [1, 5, 18], [2, 10, 39], [4, 35, 37]] 392100.86068022833
best mpm:  [[0], [3], [7], [8], [11], [16], [19], [21], [23], [24], [26], [27], [30], [31], [38], [28, 29], [20, 34], [12, 32], [9, 13, 15, 25], [6, 14, 17, 22], [33, 36], [1, 5, 18], [2, 10, 39], [4, 35, 37]]
init BB:  [[0], [3], [7], [8], [11], [16], [19], [21], [23], [24], [26], [27], [30], [31], [38], [28, 29], [20, 34], [12, 32], [9, 13, 15, 25], [6, 14, 17, 22], [33, 36], [1, 5, 18], [2, 10, 39], [4, 35, 37]] 1036.441565604857 391064.41911462345
best_BB [[3], [8], [11], [16], [19], [21], [23], [24], [26], [27], [30], [31], [38], [28, 29], [20, 34], [12, 32], [9, 13, 15, 25], [6, 14, 17, 22], [33, 36], [1, 5, 18], [2, 10, 39], [4, 35, 37], [0, 7]] 392069.4658674994
best_BB [[0], [3], [7], [8], [11], [16], [23], [24], [26], [27], [30], [31], [38], [28, 29], [20, 34], [12, 32], [9, 13, 15, 25], [6, 14, 17, 22], [33, 36], [1, 5, 18], [2, 10, 39], [4, 35, 37], [19, 21]] 392066.0410087839
best_BB [[0], [3], [7], [8], [11], [16], [21], [23], [24], [26], [27], [30], [31], [38], [28, 29], [20, 34], [12, 32], [9, 13, 15, 25], [6, 14, 17, 22], [33, 36], [1, 5, 18], [2, 10, 39], [4, 19, 35, 37]] 392016.5450712135
best mpm:  [[0], [3], [7], [8], [11], [16], [21], [23], [24], [26], [27], [30], [31], [38], [28, 29], [20, 34], [12, 32], [9, 13, 15, 25], [6, 14, 17, 22], [33, 36], [1, 5, 18], [2, 10, 39], [4, 19, 35, 37]]
init BB:  [[0], [3], [7], [8], [11], [16], [21], [23], [24], [26], [27], [30], [31], [38], [28, 29], [20, 34], [12, 32], [9, 13, 15, 25], [6, 14, 17, 22], [33, 36], [1, 5, 18], [2, 10, 39], [4, 19, 35, 37]] 1129.4555522617034 390887.0895189518
best_BB [[3], [8], [11], [16], [21], [23], [24], [26], [27], [30], [31], [38], [28, 29], [20, 34], [12, 32], [9, 13, 15, 25], [6, 14, 17, 22], [33, 36], [1, 5, 18], [2, 10, 39], [4, 19, 35, 37], [0, 7]] 391985.1502584847
best_BB [[0], [3], [7], [8], [11], [16], [23], [24], [26], [27], [30], [31], [38], [28, 29], [20, 34], [12, 32], [9, 13, 15, 25], [6, 14, 17, 22], [33, 36], [1, 5, 18], [2, 10, 39], [4, 19, 21, 35, 37]] 391872.4959591574
best mpm:  [[0], [3], [7], [8], [11], [16], [23], [24], [26], [27], [30], [31], [38], [28, 29], [20, 34], [12, 32], [9, 13, 15, 25], [6, 14, 17, 22], [33, 36], [1, 5, 18], [2, 10, 39], [4, 19, 21, 35, 37]]
init BB:  [[0], [3], [7], [8], [11], [16], [23], [24], [26], [27], [30], [31], [38], [28, 29], [20, 34], [12, 32], [9, 13, 15, 25], [6, 14, 17, 22], [33, 36], [1, 5, 18], [2, 10, 39], [4, 19, 21, 35, 37]] 1328.771237954945 390543.72472120245
best_BB [[3], [8], [11], [16], [23], [24], [26], [27], [30], [31], [38], [28, 29], [20, 34], [12, 32], [9, 13, 15, 25], [6, 14, 17, 22], [33, 36], [1, 5, 18], [2, 10, 39], [4, 19, 21, 35, 37], [0, 7]] 391841.1011464286
best_BB [[0], [3], [7], [8], [11], [16], [24], [26], [27], [30], [31], [38], [28, 29], [20, 34], [12, 32], [9, 13, 15, 25], [6, 14, 17, 22], [1, 5, 18], [2, 10, 39], [4, 19, 21, 35, 37], [23, 33, 36]] 391834.8977885233
best_BB [[0], [3], [7], [8], [11], [16], [23], [24], [26], [27], [30], [31], [28, 29], [20, 34], [12, 32], [9, 13, 15, 25], [6, 14, 17, 22], [1, 5, 18], [2, 10, 39], [4, 19, 21, 35, 37], [33, 36, 38]] 391831.72491215554
best mpm:  [[0], [3], [7], [8], [11], [16], [23], [24], [26], [27], [30], [31], [28, 29], [20, 34], [12, 32], [9, 13, 15, 25], [6, 14, 17, 22], [1, 5, 18], [2, 10, 39], [4, 19, 21, 35, 37], [33, 36, 38]]
init BB:  [[0], [3], [7], [8], [11], [16], [23], [24], [26], [27], [30], [31], [28, 29], [20, 34], [12, 32], [9, 13, 15, 25], [6, 14, 17, 22], [1, 5, 18], [2, 10, 39], [4, 19, 21, 35, 37], [33, 36, 38]] 1368.6343750935935 390463.0905370619
best_BB [[3], [8], [11], [16], [23], [24], [26], [27], [30], [31], [28, 29], [20, 34], [12, 32], [9, 13, 15, 25], [6, 14, 17, 22], [1, 5, 18], [2, 10, 39], [4, 19, 21, 35, 37], [33, 36, 38], [0, 7]] 391800.3300994266
best_BB [[0], [7], [8], [11], [16], [23], [24], [26], [27], [30], [31], [28, 29], [20, 34], [12, 32], [9, 13, 15, 25], [6, 14, 17, 22], [1, 5, 18], [2, 10, 39], [4, 19, 21, 35, 37], [3, 33, 36, 38]] 391798.1010951445
best mpm:  [[0], [7], [8], [11], [16], [23], [24], [26], [27], [30], [31], [28, 29], [20, 34], [12, 32], [9, 13, 15, 25], [6, 14, 17, 22], [1, 5, 18], [2, 10, 39], [4, 19, 21, 35, 37], [3, 33, 36, 38]]
init BB:  [[0], [7], [8], [11], [16], [23], [24], [26], [27], [30], [31], [28, 29], [20, 34], [12, 32], [9, 13, 15, 25], [6, 14, 17, 22], [1, 5, 18], [2, 10, 39], [4, 19, 21, 35, 37], [3, 33, 36, 38]] 1461.6483617504396 390336.4527333941
best_BB [[8], [11], [16], [23], [24], [26], [27], [30], [31], [28, 29], [20, 34], [12, 32], [9, 13, 15, 25], [6, 14, 17, 22], [1, 5, 18], [2, 10, 39], [4, 19, 21, 35, 37], [3, 33, 36, 38], [0, 7]] 391766.70628241583
best mpm:  [[8], [11], [16], [23], [24], [26], [27], [30], [31], [28, 29], [20, 34], [12, 32], [9, 13, 15, 25], [6, 14, 17, 22], [1, 5, 18], [2, 10, 39], [4, 19, 21, 35, 37], [3, 33, 36, 38], [0, 7]]
init BB:  [[8], [11], [16], [23], [24], [26], [27], [30], [31], [28, 29], [20, 34], [12, 32], [9, 13, 15, 25], [6, 14, 17, 22], [1, 5, 18], [2, 10, 39], [4, 19, 21, 35, 37], [3, 33, 36, 38], [0, 7]] 1474.936074129989 390291.77020828583
best_BB [[8], [23], [24], [26], [27], [30], [31], [28, 29], [20, 34], [12, 32], [9, 13, 15, 25], [6, 14, 17, 22], [1, 5, 18], [2, 10, 39], [4, 19, 21, 35, 37], [3, 33, 36, 38], [0, 7], [11, 16]] 391749.58278530266
best_BB [[8], [16], [23], [26], [27], [30], [31], [28, 29], [20, 34], [12, 32], [9, 13, 15, 25], [6, 14, 17, 22], [1, 5, 18], [2, 10, 39], [4, 19, 21, 35, 37], [3, 33, 36, 38], [0, 7], [11, 24]] 391747.3572567519
best_BB [[8], [16], [23], [24], [26], [30], [31], [28, 29], [20, 34], [12, 32], [9, 13, 15, 25], [6, 14, 17, 22], [1, 5, 18], [2, 10, 39], [4, 19, 21, 35, 37], [3, 33, 36, 38], [0, 7], [11, 27]] 391742.43376860756
best_BB [[8], [11], [23], [24], [26], [30], [31], [28, 29], [20, 34], [12, 32], [9, 13, 15, 25], [6, 14, 17, 22], [1, 5, 18], [2, 10, 39], [4, 19, 21, 35, 37], [3, 33, 36, 38], [0, 7], [16, 27]] 391741.9294268956
best mpm:  [[8], [11], [23], [24], [26], [30], [31], [28, 29], [20, 34], [12, 32], [9, 13, 15, 25], [6, 14, 17, 22], [1, 5, 18], [2, 10, 39], [4, 19, 21, 35, 37], [3, 33, 36, 38], [0, 7], [16, 27]]
init BB:  [[8], [11], [23], [24], [26], [30], [31], [28, 29], [20, 34], [12, 32], [9, 13, 15, 25], [6, 14, 17, 22], [1, 5, 18], [2, 10, 39], [4, 19, 21, 35, 37], [3, 33, 36, 38], [0, 7], [16, 27]] 1488.2237865095385 390253.70564038603
best_BB [[8], [23], [26], [30], [31], [28, 29], [20, 34], [12, 32], [9, 13, 15, 25], [6, 14, 17, 22], [1, 5, 18], [2, 10, 39], [4, 19, 21, 35, 37], [3, 33, 36, 38], [0, 7], [16, 27], [11, 24]] 391722.58040123165
best_BB [[8], [23], [24], [26], [30], [31], [28, 29], [20, 34], [12, 32], [9, 13, 15, 25], [6, 14, 17, 22], [1, 5, 18], [2, 10, 39], [4, 19, 21, 35, 37], [3, 33, 36, 38], [0, 7], [11, 16, 27]] 391714.40167678695
best_BB [[8], [11], [23], [24], [26], [30], [28, 29], [20, 34], [12, 32], [9, 13, 15, 25], [6, 14, 17, 22], [1, 5, 18], [2, 10, 39], [4, 19, 21, 35, 37], [3, 33, 36, 38], [0, 7], [16, 27, 31]] 391707.98325842497
best mpm:  [[8], [11], [23], [24], [26], [30], [28, 29], [20, 34], [12, 32], [9, 13, 15, 25], [6, 14, 17, 22], [1, 5, 18], [2, 10, 39], [4, 19, 21, 35, 37], [3, 33, 36, 38], [0, 7], [16, 27, 31]]
init BB:  [[8], [11], [23], [24], [26], [30], [28, 29], [20, 34], [12, 32], [9, 13, 15, 25], [6, 14, 17, 22], [1, 5, 18], [2, 10, 39], [4, 19, 21, 35, 37], [3, 33, 36, 38], [0, 7], [16, 27, 31]] 1528.0869236481867 390179.8963347768
best_BB [[8], [23], [26], [30], [28, 29], [20, 34], [12, 32], [9, 13, 15, 25], [6, 14, 17, 22], [1, 5, 18], [2, 10, 39], [4, 19, 21, 35, 37], [3, 33, 36, 38], [0, 7], [16, 27, 31], [11, 24]] 391688.63423276093
best_BB [[8], [23], [24], [26], [30], [28, 29], [20, 34], [12, 32], [9, 13, 15, 25], [6, 14, 17, 22], [1, 5, 18], [2, 10, 39], [4, 19, 21, 35, 37], [3, 33, 36, 38], [0, 7], [11, 16, 27, 31]] 391674.0342664718
best mpm:  [[8], [23], [24], [26], [30], [28, 29], [20, 34], [12, 32], [9, 13, 15, 25], [6, 14, 17, 22], [1, 5, 18], [2, 10, 39], [4, 19, 21, 35, 37], [3, 33, 36, 38], [0, 7], [11, 16, 27, 31]]
init BB:  [[8], [23], [24], [26], [30], [28, 29], [20, 34], [12, 32], [9, 13, 15, 25], [6, 14, 17, 22], [1, 5, 18], [2, 10, 39], [4, 19, 21, 35, 37], [3, 33, 36, 38], [0, 7], [11, 16, 27, 31]] 1621.100910305033 390052.93335616676
best_BB [[8], [23], [26], [30], [28, 29], [20, 34], [12, 32], [9, 13, 15, 25], [6, 14, 17, 22], [1, 5, 18], [2, 10, 39], [4, 19, 21, 35, 37], [3, 33, 36, 38], [0, 7], [11, 16, 24, 27, 31]] 391643.53044344275
best mpm:  [[8], [23], [26], [30], [28, 29], [20, 34], [12, 32], [9, 13, 15, 25], [6, 14, 17, 22], [1, 5, 18], [2, 10, 39], [4, 19, 21, 35, 37], [3, 33, 36, 38], [0, 7], [11, 16, 24, 27, 31]]
init BB:  [[8], [23], [26], [30], [28, 29], [20, 34], [12, 32], [9, 13, 15, 25], [6, 14, 17, 22], [1, 5, 18], [2, 10, 39], [4, 19, 21, 35, 37], [3, 33, 36, 38], [0, 7], [11, 16, 24, 27, 31]] 1820.4165959982747 389823.1138474445
best_BB [[8], [23], [26], [30], [28, 29], [20, 34], [12, 32], [9, 13, 15, 25], [6, 14, 17, 22], [1, 5, 18], [4, 19, 21, 35, 37], [3, 33, 36, 38], [11, 16, 24, 27, 31], [0, 2, 7, 10, 39]] 391625.2936115268
best mpm:  [[8], [23], [26], [30], [28, 29], [20, 34], [12, 32], [9, 13, 15, 25], [6, 14, 17, 22], [1, 5, 18], [4, 19, 21, 35, 37], [3, 33, 36, 38], [11, 16, 24, 27, 31], [0, 2, 7, 10, 39]]
init BB:  [[8], [23], [26], [30], [28, 29], [20, 34], [12, 32], [9, 13, 15, 25], [6, 14, 17, 22], [1, 5, 18], [4, 19, 21, 35, 37], [3, 33, 36, 38], [11, 16, 24, 27, 31], [0, 2, 7, 10, 39]] 2099.458555968813 389525.83505555795
1 8
1 23
1 26
1 30
2 28 29
2 20 34
2 12 32
4 9 13 15 25
4 6 14 17 22
3 1 5 18
5 4 19 21 35 37
4 3 33 36 38
5 11 16 24 27 31
5 0 2 7 10 39
