init BB:  [[0], [1], [2], [3], [4], [5], [6], [7], [8], [9], [10], [11], [12], [13], [14], [15], [16], [17], [18], [19], [20], [21], [22], [23], [24], [25], [26], [27], [28], [29], [30], [31], [32], [33], [34], [35], [36], [37], [38], [39]] 531.508495181978 395081.0411815546
best_BB [[1], [3], [4], [5], [6], [7], [8], [9], [10], [11], [12], [13], [14], [15], [16], [17], [18], [19], [20], [21], [22], [23], [24], [25], [26], [27], [28], [29], [30], [31], [32], [33], [34], [35], [36], [37], [38], [39], [0, 2]] 395398.8542048778
best_BB [[1], [2], [3], [4], [5], [6], [8], [9], [10], [11], [12], [13], [14], [15], [16], [17], [18], [19], [20], [21], [22], [23], [24], [25], [26], [27], [28], [29], [30], [31], [32], [33], [34], [35], [36], [37], [38], [39], [0, 7]] 395374.70855953725
best_BB [[1], [2], [3], [4], [5], [6], [7], [8], [9], [10], [11], [12], [13], [14], [15], [16], [17], [18], [19], [20], [21], [22], [23], [24], [25], [26], [27], [28], [29], [30], [31], [32], [33], [34], [35], [36], [37], [38], [0, 39]] 395290.08531343075
best_BB [[0], [1], [3], [4], [5], [6], [7], [8], [9], [10], [11], [12], [13], [14], [15], [16], [17], [18], [19], [20], [21], [22], [23], [24], [25], [26], [27], [28], [29], [30], [31], [32], [33], [34], [35], [36], [37], [38], [2, 39]] 395154.39793028275
best_BB [[0], [1], [2], [3], [4], [5], [6], [7], [8], [10], [11], [12], [14], [15], [16], [17], [18], [19], [20], [21], [22], [23], [24], [25], [26], [27], [28], [29], [30], [31], [32], [33], [34], [35], [36], [37], [38], [39], [9, 13]] 395124.9489022795
best_BB [[0], [1], [2], [3], [4], [5], [6], [7], [8], [9], [10], [11], [13], [14], [15], [16], [17], [18], [19], [20], [21], [22], [23], [24], [25], [26], [27], [28], [29], [30], [31], [33], [34], [35], [36], [37], [38], [39], [12, 32]] 391209.23370140896
best_BB [[0], [1], [2], [3], [4], [5], [6], [7], [8], [9], [10], [11], [12], [13], [14], [15], [16], [17], [18], [19], [21], [22], [23], [24], [25], [26], [27], [28], [29], [30], [31], [32], [33], [35], [36], [37], [38], [39], [20, 34]] 391153.98194348207
best mpm:  [[0], [1], [2], [3], [4], [5], [6], [7], [8], [9], [10], [11], [12], [13], [14], [15], [16], [17], [18], [19], [21], [22], [23], [24], [25], [26], [27], [28], [29], [30], [31], [32], [33], [35], [36], [37], [38], [39], [20, 34]]
init BB:  [[0], [1], [2], [3], [4], [5], [6], [7], [8], [9], [10], [11], [12], [13], [14], [15], [16], [17], [18], [19], [21], [22], [23], [24], [25], [26], [27], [28], [29], [30], [31], [32], [33], [35], [36], [37], [38], [39], [20, 34]] 544.7962075615275 390609.18573592056
best_BB [[1], [3], [4], [5], [6], [7], [8], [9], [10], [11], [12], [13], [14], [15], [16], [17], [18], [19], [21], [22], [23], [24], [25], [26], [27], [28], [29], [30], [31], [32], [33], [35], [36], [37], [38], [39], [20, 34], [0, 2]] 390940.28647162335
best_BB [[1], [2], [3], [4], [5], [6], [8], [9], [10], [11], [12], [13], [14], [15], [16], [17], [18], [19], [21], [22], [23], [24], [25], [26], [27], [28], [29], [30], [31], [32], [33], [35], [36], [37], [38], [39], [20, 34], [0, 7]] 390916.1408262828
best_BB [[1], [2], [3], [4], [5], [6], [7], [8], [9], [10], [11], [12], [13], [14], [15], [16], [17], [18], [19], [21], [22], [23], [24], [25], [26], [27], [28], [29], [30], [31], [32], [33], [35], [36], [37], [38], [20, 34], [0, 39]] 390831.51758017635
best_BB [[0], [1], [3], [4], [5], [6], [7], [8], [9], [10], [11], [12], [13], [14], [15], [16], [17], [18], [19], [21], [22], [23], [24], [25], [26], [27], [28], [29], [30], [31], [32], [33], [35], [36], [37], [38], [20, 34], [2, 39]] 390695.8301970283
best_BB [[0], [1], [2], [3], [4], [5], [6], [7], [8], [10], [11], [12], [14], [15], [16], [17], [18], [19], [21], [22], [23], [24], [25], [26], [27], [28], [29], [30], [31], [32], [33], [35], [36], [37], [38], [39], [20, 34], [9, 13]] 390666.3811690249
best_BB [[0], [1], [2], [3], [4], [5], [6], [7], [8], [9], [10], [11], [13], [14], [15], [16], [17], [18], [19], [21], [22], [23], [24], [25], [26], [27], [28], [29], [30], [31], [33], [35], [36], [37], [38], [39], [20, 34], [12, 32]] 386750.6659681545
best mpm:  [[0], [1], [2], [3], [4], [5], [6], [7], [8], [9], [10], [11], [13], [14], [15], [16], [17], [18], [19], [21], [22], [23], [24], [25], [26], [27], [28], [29], [30], [31], [33], [35], [36], [37], [38], [39], [20, 34], [12, 32]]
init BB:  [[0], [1], [2], [3], [4], [5], [6], [7], [8], [9], [10], [11], [13], [14], [15], [16], [17], [18], [19], [21], [22], [23], [24], [25], [26], [27], [28], [29], [30], [31], [33], [35], [36], [37], [38], [39], [20, 34], [12, 32]] 558.0839199410769 386192.5820482134
best_BB [[1], [3], [4], [5], [6], [7], [8], [9], [10], [11], [13], [14], [15], [16], [17], [18], [19], [21], [22], [23], [24], [25], [26], [27], [28], [29], [30], [31], [33], [35], [36], [37], [38], [39], [20, 34], [12, 32], [0, 2]] 386536.9704962958
best_BB [[1], [2], [3], [4], [5], [6], [8], [9], [10], [11], [13], [14], [15], [16], [17], [18], [19], [21], [22], [23], [24], [25], [26], [27], [28], [29], [30], [31], [33], [35], [36], [37], [38], [39], [20, 34], [12, 32], [0, 7]] 386512.82485095516
best_BB [[1], [2], [3], [4], [5], [6], [7], [8], [9], [10], [11], [13], [14], [15], [16], [17], [18], [19], [21], [22], [23], [24], [25], [26], [27], [28], [29], [30], [31], [33], [35], [36], [37], [38], [20, 34], [12, 32], [0, 39]] 386428.2016048486
best_BB [[0], [1], [3], [4], [5], [6], [7], [8], [9], [10], [11], [13], [14], [15], [16], [17], [18], [19], [21], [22], [23], [24], [25], [26], [27], [28], [29], [30], [31], [33], [35], [36], [37], [38], [20, 34], [12, 32], [2, 39]] 386292.5142217007
best_BB [[0], [1], [2], [3], [4], [5], [6], [7], [8], [10], [11], [14], [15], [16], [17], [18], [19], [21], [22], [23], [24], [25], [26], [27], [28], [29], [30], [31], [33], [35], [36], [37], [38], [39], [20, 34], [12, 32], [9, 13]] 386263.06519369734
best_BB [[0], [1], [2], [3], [4], [5], [6], [7], [8], [9], [10], [11], [14], [15], [16], [17], [18], [19], [21], [22], [23], [24], [26], [27], [28], [29], [30], [31], [33], [35], [36], [37], [38], [39], [20, 34], [12, 32], [13, 25]] 386252.3014236524
best_BB [[0], [1], [2], [3], [4], [5], [6], [7], [8], [9], [10], [11], [13], [14], [15], [16], [17], [18], [19], [21], [22], [23], [24], [25], [26], [27], [30], [31], [33], [35], [36], [37], [38], [39], [20, 34], [12, 32], [28, 29]] 382396.7862411629
best mpm:  [[0], [1], [2], [3], [4], [5], [6], [7], [8], [9], [10], [11], [13], [14], [15], [16], [17], [18], [19], [21], [22], [23], [24], [25], [26], [27], [30], [31], [33], [35], [36], [37], [38], [39], [20, 34], [12, 32], [28, 29]]
init BB:  [[0], [1], [2], [3], [4], [5], [6], [7], [8], [9], [10], [11], [13], [14], [15], [16], [17], [18], [19], [21], [22], [23], [24], [25], [26], [27], [30], [31], [33], [35], [36], [37], [38], [39], [20, 34], [12, 32], [28, 29]] 571.3716323206264 381825.4146088423
best_BB [[1], [3], [4], [5], [6], [7], [8], [9], [10], [11], [13], [14], [15], [16], [17], [18], [19], [21], [22], [23], [24], [25], [26], [27], [30], [31], [33], [35], [36], [37], [38], [39], [20, 34], [12, 32], [28, 29], [0, 2]] 382183.0907693042
best_BB [[1], [2], [3], [4], [5], [6], [8], [9], [10], [11], [13], [14], [15], [16], [17], [18], [19], [21], [22], [23], [24], [25], [26], [27], [30], [31], [33], [35], [36], [37], [38], [39], [20, 34], [12, 32], [28, 29], [0, 7]] 382158.94512396364
best_BB [[1], [2], [3], [4], [5], [6], [7], [8], [9], [10], [11], [13], [14], [15], [16], [17], [18], [19], [21], [22], [23], [24], [25], [26], [27], [30], [31], [33], [35], [36], [37], [38], [20, 34], [12, 32], [28, 29], [0, 39]] 382074.32187785715
best_BB [[0], [1], [3], [4], [5], [6], [7], [8], [9], [10], [11], [13], [14], [15], [16], [17], [18], [19], [21], [22], [23], [24], [25], [26], [27], [30], [31], [33], [35], [36], [37], [38], [20, 34], [12, 32], [28, 29], [2, 39]] 381938.63449470914
best_BB [[0], [1], [2], [3], [4], [5], [6], [7], [8], [10], [11], [14], [15], [16], [17], [18], [19], [21], [22], [23], [24], [25], [26], [27], [30], [31], [33], [35], [36], [37], [38], [39], [20, 34], [12, 32], [28, 29], [9, 13]] 381909.18546670576
best_BB [[0], [1], [2], [3], [4], [5], [6], [7], [8], [9], [10], [11], [14], [15], [16], [17], [18], [19], [21], [22], [23], [24], [26], [27], [30], [31], [33], [35], [36], [37], [38], [39], [20, 34], [12, 32], [28, 29], [13, 25]] 381898.421696661
best mpm:  [[0], [1], [2], [3], [4], [5], [6], [7], [8], [9], [10], [11], [14], [15], [16], [17], [18], [19], [21], [22], [23], [24], [26], [27], [30], [31], [33], [35], [36], [37], [38], [39], [20, 34], [12, 32], [28, 29], [13, 25]]
init BB:  [[0], [1], [2], [3], [4], [5], [6], [7], [8], [9], [10], [11], [14], [15], [16], [17], [18], [19], [21], [22], [23], [24], [26], [27], [30], [31], [33], [35], [36], [37], [38], [39], [20, 34], [12, 32], [28, 29], [13, 25]] 584.6593447001758 381313.7623519608
best_BB [[1], [3], [4], [5], [6], [7], [8], [9], [10], [11], [14], [15], [16], [17], [18], [19], [21], [22], [23], [24], [26], [27], [30], [31], [33], [35], [36], [37], [38], [39], [20, 34], [12, 32], [28, 29], [13, 25], [0, 2]] 381684.7262248022
best_BB [[1], [2], [3], [4], [5], [6], [8], [9], [10], [11], [14], [15], [16], [17], [18], [19], [21], [22], [23], [24], [26], [27], [30], [31], [33], [35], [36], [37], [38], [39], [20, 34], [12, 32], [28, 29], [13, 25], [0, 7]] 381660.58057946165
best_BB [[1], [2], [3], [4], [5], [6], [7], [8], [9], [10], [11], [14], [15], [16], [17], [18], [19], [21], [22], [23], [24], [26], [27], [30], [31], [33], [35], [36], [37], [38], [20, 34], [12, 32], [28, 29], [13, 25], [0, 39]] 381575.95733335515
best_BB [[0], [1], [3], [4], [5], [6], [7], [8], [9], [10], [11], [14], [15], [16], [17], [18], [19], [21], [22], [23], [24], [26], [27], [30], [31], [33], [35], [36], [37], [38], [20, 34], [12, 32], [28, 29], [13, 25], [2, 39]] 381440.26995020715
best_BB [[0], [1], [2], [3], [4], [5], [6], [7], [8], [10], [11], [14], [16], [17], [18], [19], [21], [22], [23], [24], [26], [27], [30], [31], [33], [35], [36], [37], [38], [39], [20, 34], [12, 32], [28, 29], [13, 25], [9, 15]] 381426.0116370384
best_BB [[0], [1], [2], [3], [4], [5], [6], [7], [8], [10], [11], [14], [15], [16], [17], [18], [19], [21], [22], [23], [24], [26], [27], [30], [31], [33], [35], [36], [37], [38], [39], [20, 34], [12, 32], [28, 29], [9, 13, 25]] 380251.73611098726
best mpm:  [[0], [1], [2], [3], [4], [5], [6], [7], [8], [10], [11], [14], [15], [16], [17], [18], [19], [21], [22], [23], [24], [26], [27], [30], [31], [33], [35], [36], [37], [38], [39], [20, 34], [12, 32], [28, 29], [9, 13, 25]]
init BB:  [[0], [1], [2], [3], [4], [5], [6], [7], [8], [10], [11], [14], [15], [16], [17], [18], [19], [21], [22], [23], [24], [26], [27], [30], [31], [33], [35], [36], [37], [38], [39], [20, 34], [12, 32], [28, 29], [9, 13, 25]] 624.5224818388242 379627.21362914843
best_BB [[1], [3], [4], [5], [6], [7], [8], [10], [11], [14], [15], [16], [17], [18], [19], [21], [22], [23], [24], [26], [27], [30], [31], [33], [35], [36], [37], [38], [39], [20, 34], [12, 32], [28, 29], [9, 13, 25], [0, 2]] 380038.0406391285
best_BB [[1], [2], [3], [4], [5], [6], [8], [10], [11], [14], [15], [16], [17], [18], [19], [21], [22], [23], [24], [26], [27], [30], [31], [33], [35], [36], [37], [38], [39], [20, 34], [12, 32], [28, 29], [9, 13, 25], [0, 7]] 380013.89499378786
best_BB [[1], [2], [3], [4], [5], [6], [7], [8], [10], [11], [14], [15], [16], [17], [18], [19], [21], [22], [23], [24], [26], [27], [30], [31], [33], [35], [36], [37], [38], [20, 34], [12, 32], [28, 29], [9, 13, 25], [0, 39]] 379929.2717476814
best_BB [[0], [1], [3], [4], [5], [6], [7], [8], [10], [11], [14], [15], [16], [17], [18], [19], [21], [22], [23], [24], [26], [27], [30], [31], [33], [35], [36], [37], [38], [20, 34], [12, 32], [28, 29], [9, 13, 25], [2, 39]] 379793.5843645334
best_BB [[0], [1], [2], [3], [4], [5], [6], [7], [8], [10], [11], [14], [16], [17], [18], [19], [21], [22], [23], [24], [26], [27], [30], [31], [33], [35], [36], [37], [38], [39], [20, 34], [12, 32], [28, 29], [9, 13, 15, 25]] 377828.41396893066
best mpm:  [[0], [1], [2], [3], [4], [5], [6], [7], [8], [10], [11], [14], [16], [17], [18], [19], [21], [22], [23], [24], [26], [27], [30], [31], [33], [35], [36], [37], [38], [39], [20, 34], [12, 32], [28, 29], [9, 13, 15, 25]]
init BB:  [[0], [1], [2], [3], [4], [5], [6], [7], [8], [10], [11], [14], [16], [17], [18], [19], [21], [22], [23], [24], [26], [27], [30], [31], [33], [35], [36], [37], [38], [39], [20, 34], [12, 32], [28, 29], [9, 13, 15, 25]] 717.5364684956703 377110.877500435
best_BB [[1], [3], [4], [5], [6], [7], [8], [10], [11], [14], [16], [17], [18], [19], [21], [22], [23], [24], [26], [27], [30], [31], [33], [35], [36], [37], [38], [39], [20, 34], [12, 32], [28, 29], [9, 13, 15, 25], [0, 2]] 377614.7184970719
best_BB [[1], [2], [3], [4], [5], [6], [8], [10], [11], [14], [16], [17], [18], [19], [21], [22], [23], [24], [26], [27], [30], [31], [33], [35], [36], [37], [38], [39], [20, 34], [12, 32], [28, 29], [9, 13, 15, 25], [0, 7]] 377590.57285173127
best_BB [[1], [2], [3], [4], [5], [6], [7], [8], [10], [11], [14], [16], [17], [18], [19], [21], [22], [23], [24], [26], [27], [30], [31], [33], [35], [36], [37], [38], [20, 34], [12, 32], [28, 29], [9, 13, 15, 25], [0, 39]] 377505.94960562483
best_BB [[0], [1], [3], [4], [5], [6], [7], [8], [10], [11], [14], [16], [17], [18], [19], [21], [22], [23], [24], [26], [27], [30], [31], [33], [35], [36], [37], [38], [20, 34], [12, 32], [28, 29], [9, 13, 15, 25], [2, 39]] 377370.2622224768
best_BB [[0], [1], [2], [3], [4], [5], [6], [7], [8], [10], [11], [14], [16], [18], [19], [21], [23], [24], [26], [27], [30], [31], [33], [35], [36], [37], [38], [39], [20, 34], [12, 32], [28, 29], [9, 13, 15, 25], [17, 22]] 377340.5725979992
best mpm:  [[0], [1], [2], [3], [4], [5], [6], [7], [8], [10], [11], [14], [16], [18], [19], [21], [23], [24], [26], [27], [30], [31], [33], [35], [36], [37], [38], [39], [20, 34], [12, 32], [28, 29], [9, 13, 15, 25], [17, 22]]
init BB:  [[0], [1], [2], [3], [4], [5], [6], [7], [8], [10], [11], [14], [16], [18], [19], [21], [23], [24], [26], [27], [30], [31], [33], [35], [36], [37], [38], [39], [20, 34], [12, 32], [28, 29], [9, 13, 15, 25], [17, 22]] 730.8241808752198 376609.748417124
best_BB [[1], [3], [4], [5], [6], [7], [8], [10], [11], [14], [16], [18], [19], [21], [23], [24], [26], [27], [30], [31], [33], [35], [36], [37], [38], [39], [20, 34], [12, 32], [28, 29], [9, 13, 15, 25], [17, 22], [0, 2]] 377126.87712614035
best_BB [[1], [2], [3], [4], [5], [6], [8], [10], [11], [14], [16], [18], [19], [21], [23], [24], [26], [27], [30], [31], [33], [35], [36], [37], [38], [39], [20, 34], [12, 32], [28, 29], [9, 13, 15, 25], [17, 22], [0, 7]] 377102.7314807999
best_BB [[1], [2], [3], [4], [5], [6], [7], [8], [10], [11], [14], [16], [18], [19], [21], [23], [24], [26], [27], [30], [31], [33], [35], [36], [37], [38], [20, 34], [12, 32], [28, 29], [9, 13, 15, 25], [17, 22], [0, 39]] 377018.1082346934
best_BB [[0], [1], [3], [4], [5], [6], [7], [8], [10], [11], [14], [16], [18], [19], [21], [23], [24], [26], [27], [30], [31], [33], [35], [36], [37], [38], [20, 34], [12, 32], [28, 29], [9, 13, 15, 25], [17, 22], [2, 39]] 376882.4208515454
best_BB [[0], [1], [2], [3], [4], [5], [7], [8], [10], [11], [14], [16], [18], [19], [21], [23], [24], [26], [27], [30], [31], [33], [35], [36], [37], [38], [39], [20, 34], [12, 32], [28, 29], [9, 13, 15, 25], [6, 17, 22]] 376110.7961442659
best_BB [[0], [1], [2], [3], [4], [5], [6], [7], [8], [10], [11], [16], [18], [19], [21], [23], [24], [26], [27], [30], [31], [33], [35], [36], [37], [38], [39], [20, 34], [12, 32], [28, 29], [9, 13, 15, 25], [14, 17, 22]] 375984.38971689664
best mpm:  [[0], [1], [2], [3], [4], [5], [6], [7], [8], [10], [11], [16], [18], [19], [21], [23], [24], [26], [27], [30], [31], [33], [35], [36], [37], [38], [39], [20, 34], [12, 32], [28, 29], [9, 13, 15, 25], [14, 17, 22]]
init BB:  [[0], [1], [2], [3], [4], [5], [6], [7], [8], [10], [11], [16], [18], [19], [21], [23], [24], [26], [27], [30], [31], [33], [35], [36], [37], [38], [39], [20, 34], [12, 32], [28, 29], [9, 13, 15, 25], [14, 17, 22]] 770.6873180138681 375213.7023988828
best_BB [[1], [3], [4], [5], [6], [7], [8], [10], [11], [16], [18], [19], [21], [23], [24], [26], [27], [30], [31], [33], [35], [36], [37], [38], [39], [20, 34], [12, 32], [28, 29], [9, 13, 15, 25], [14, 17, 22], [0, 2]] 375770.69424503774
best_BB [[1], [2], [3], [4], [5], [6], [8], [10], [11], [16], [18], [19], [21], [23], [24], [26], [27], [30], [31], [33], [35], [36], [37], [38], [39], [20, 34], [12, 32], [28, 29], [9, 13, 15, 25], [14, 17, 22], [0, 7]] 375746.54859969724
best_BB [[1], [2], [3], [4], [5], [6], [7], [8], [10], [11], [16], [18], [19], [21], [23], [24], [26], [27], [30], [31], [33], [35], [36], [37], [38], [20, 34], [12, 32], [28, 29], [9, 13, 15, 25], [14, 17, 22], [0, 39]] 375661.9253535907
best_BB [[0], [1], [3], [4], [5], [6], [7], [8], [10], [11], [16], [18], [19], [21], [23], [24], [26], [27], [30], [31], [33], [35], [36], [37], [38], [20, 34], [12, 32], [28, 29], [9, 13, 15, 25], [14, 17, 22], [2, 39]] 375526.2379704428
best_BB [[0], [1], [2], [3], [4], [5], [7], [8], [10], [11], [16], [18], [19], [21], [23], [24], [26], [27], [30], [31], [33], [35], [36], [37], [38], [39], [20, 34], [12, 32], [28, 29], [9, 13, 15, 25], [6, 14, 17, 22]] 373945.9566641273
best mpm:  [[0], [1], [2], [3], [4], [5], [7], [8], [10], [11], [16], [18], [19], [21], [23], [24], [26], [27], [30], [31], [33], [35], [36], [37], [38], [39], [20, 34], [12, 32], [28, 29], [9, 13, 15, 25], [6, 14, 17, 22]]
init BB:  [[0], [1], [2], [3], [4], [5], [7], [8], [10], [11], [16], [18], [19], [21], [23], [24], [26], [27], [30], [31], [33], [35], [36], [37], [38], [39], [20, 34], [12, 32], [28, 29], [9, 13, 15, 25], [6, 14, 17, 22]] 863.7013046707143 373082.2553594566
best_BB [[1], [3], [4], [5], [7], [8], [10], [11], [16], [18], [19], [21], [23], [24], [26], [27], [30], [31], [33], [35], [36], [37], [38], [39], [20, 34], [12, 32], [28, 29], [9, 13, 15, 25], [6, 14, 17, 22], [0, 2]] 373732.2611922684
best_BB [[1], [2], [3], [4], [5], [8], [10], [11], [16], [18], [19], [21], [23], [24], [26], [27], [30], [31], [33], [35], [36], [37], [38], [39], [20, 34], [12, 32], [28, 29], [9, 13, 15, 25], [6, 14, 17, 22], [0, 7]] 373708.1155469279
best_BB [[1], [2], [3], [4], [5], [7], [8], [10], [11], [16], [18], [19], [21], [23], [24], [26], [27], [30], [31], [33], [35], [36], [37], [38], [20, 34], [12, 32], [28, 29], [9, 13, 15, 25], [6, 14, 17, 22], [0, 39]] 373623.4923008215
best_BB [[0], [1], [3], [4], [5], [7], [8], [10], [11], [16], [18], [19], [21], [23], [24], [26], [27], [30], [31], [33], [35], [36], [37], [38], [20, 34], [12, 32], [28, 29], [9, 13, 15, 25], [6, 14, 17, 22], [2, 39]] 373487.8049176735
best mpm:  [[0], [1], [3], [4], [5], [7], [8], [10], [11], [16], [18], [19], [21], [23], [24], [26], [27], [30], [31], [33], [35], [36], [37], [38], [20, 34], [12, 32], [28, 29], [9, 13, 15, 25], [6, 14, 17, 22], [2, 39]]
init BB:  [[0], [1], [3], [4], [5], [7], [8], [10], [11], [16], [18], [19], [21], [23], [24], [26], [27], [30], [31], [33], [35], [36], [37], [38], [20, 34], [12, 32], [28, 29], [9, 13, 15, 25], [6, 14, 17, 22], [2, 39]] 876.9890170502638 372610.8159006233
best_BB [[1], [3], [4], [5], [8], [10], [11], [16], [18], [19], [21], [23], [24], [26], [27], [30], [31], [33], [35], [36], [37], [38], [20, 34], [12, 32], [28, 29], [9, 13, 15, 25], [6, 14, 17, 22], [2, 39], [0, 7]] 373249.9638004742
best_BB [[1], [3], [4], [5], [7], [8], [10], [11], [16], [18], [19], [21], [23], [24], [26], [27], [30], [31], [33], [35], [36], [37], [38], [20, 34], [12, 32], [28, 29], [9, 13, 15, 25], [6, 14, 17, 22], [0, 2, 39]] 372851.0858179269
best mpm:  [[1], [3], [4], [5], [7], [8], [10], [11], [16], [18], [19], [21], [23], [24], [26], [27], [30], [31], [33], [35], [36], [37], [38], [20, 34], [12, 32], [28, 29], [9, 13, 15, 25], [6, 14, 17, 22], [0, 2, 39]]
init BB:  [[1], [3], [4], [5], [7], [8], [10], [11], [16], [18], [19], [21], [23], [24], [26], [27], [30], [31], [33], [35], [36], [37], [38], [20, 34], [12, 32], [28, 29], [9, 13, 15, 25], [6, 14, 17, 22], [0, 2, 39]] 916.8521541889121 371934.233663738
best_BB [[3], [4], [7], [8], [10], [11], [16], [18], [19], [21], [23], [24], [26], [27], [30], [31], [33], [35], [36], [37], [38], [20, 34], [12, 32], [28, 29], [9, 13, 15, 25], [6, 14, 17, 22], [0, 2, 39], [1, 5]] 372566.0104686532
best_BB [[3], [4], [5], [7], [8], [10], [11], [16], [19], [21], [23], [24], [26], [27], [30], [31], [33], [35], [36], [37], [38], [20, 34], [12, 32], [28, 29], [9, 13, 15, 25], [6, 14, 17, 22], [0, 2, 39], [1, 18]] 372551.68831424875
best_BB [[1], [3], [5], [7], [8], [10], [11], [16], [18], [19], [23], [24], [26], [27], [30], [31], [33], [35], [36], [37], [38], [20, 34], [12, 32], [28, 29], [9, 13, 15, 25], [6, 14, 17, 22], [0, 2, 39], [4, 21]] 372510.463071193
best_BB [[1], [3], [5], [7], [8], [10], [11], [16], [18], [19], [21], [23], [24], [26], [27], [30], [31], [33], [35], [36], [38], [20, 34], [12, 32], [28, 29], [9, 13, 15, 25], [6, 14, 17, 22], [0, 2, 39], [4, 37]] 372483.29914518655
best_BB [[1], [3], [4], [5], [8], [10], [11], [16], [18], [19], [21], [23], [24], [26], [27], [30], [31], [33], [35], [36], [37], [38], [20, 34], [12, 32], [28, 29], [9, 13, 15, 25], [6, 14, 17, 22], [0, 2, 7, 39]] 372169.61858604243
best mpm:  [[1], [3], [4], [5], [8], [10], [11], [16], [18], [19], [21], [23], [24], [26], [27], [30], [31], [33], [35], [36], [37], [38], [20, 34], [12, 32], [28, 29], [9, 13, 15, 25], [6, 14, 17, 22], [0, 2, 7, 39]]
init BB:  [[1], [3], [4], [5], [8], [10], [11], [16], [18], [19], [21], [23], [24], [26], [27], [30], [31], [33], [35], [36], [37], [38], [20, 34], [12, 32], [28, 29], [9, 13, 15, 25], [6, 14, 17, 22], [0, 2, 7, 39]] 1009.8661408457582 371159.7524451967
best_BB [[3], [4], [8], [10], [11], [16], [18], [19], [21], [23], [24], [26], [27], [30], [31], [33], [35], [36], [37], [38], [20, 34], [12, 32], [28, 29], [9, 13, 15, 25], [6, 14, 17, 22], [0, 2, 7, 39], [1, 5]] 371884.5432367687
best_BB [[3], [4], [5], [8], [10], [11], [16], [19], [21], [23], [24], [26], [27], [30], [31], [33], [35], [36], [37], [38], [20, 34], [12, 32], [28, 29], [9, 13, 15, 25], [6, 14, 17, 22], [0, 2, 7, 39], [1, 18]] 371870.2210823642
best_BB [[1], [3], [5], [8], [10], [11], [16], [18], [19], [23], [24], [26], [27], [30], [31], [33], [35], [36], [37], [38], [20, 34], [12, 32], [28, 29], [9, 13, 15, 25], [6, 14, 17, 22], [0, 2, 7, 39], [4, 21]] 371828.9958393084
best_BB [[1], [3], [5], [8], [10], [11], [16], [18], [19], [21], [23], [24], [26], [27], [30], [31], [33], [35], [36], [38], [20, 34], [12, 32], [28, 29], [9, 13, 15, 25], [6, 14, 17, 22], [0, 2, 7, 39], [4, 37]] 371801.8319133021
best_BB [[1], [3], [4], [5], [8], [11], [16], [18], [19], [21], [23], [24], [26], [27], [30], [31], [33], [35], [36], [37], [38], [20, 34], [12, 32], [28, 29], [9, 13, 15, 25], [6, 14, 17, 22], [0, 2, 7, 10, 39]] 371116.80563152593
best mpm:  [[1], [3], [4], [5], [8], [11], [16], [18], [19], [21], [23], [24], [26], [27], [30], [31], [33], [35], [36], [37], [38], [20, 34], [12, 32], [28, 29], [9, 13, 15, 25], [6, 14, 17, 22], [0, 2, 7, 10, 39]]
init BB:  [[1], [3], [4], [5], [8], [11], [16], [18], [19], [21], [23], [24], [26], [27], [30], [31], [33], [35], [36], [37], [38], [20, 34], [12, 32], [28, 29], [9, 13, 15, 25], [6, 14, 17, 22], [0, 2, 7, 10, 39]] 1209.181826539 369907.62380498694
best_BB [[3], [4], [8], [11], [16], [18], [19], [21], [23], [24], [26], [27], [30], [31], [33], [35], [36], [37], [38], [20, 34], [12, 32], [28, 29], [9, 13, 15, 25], [6, 14, 17, 22], [0, 2, 7, 10, 39], [1, 5]] 370831.7302822523
best_BB [[3], [4], [5], [8], [11], [16], [19], [21], [23], [24], [26], [27], [30], [31], [33], [35], [36], [37], [38], [20, 34], [12, 32], [28, 29], [9, 13, 15, 25], [6, 14, 17, 22], [0, 2, 7, 10, 39], [1, 18]] 370817.4081278479
best_BB [[1], [3], [5], [8], [11], [16], [18], [19], [23], [24], [26], [27], [30], [31], [33], [35], [36], [37], [38], [20, 34], [12, 32], [28, 29], [9, 13, 15, 25], [6, 14, 17, 22], [0, 2, 7, 10, 39], [4, 21]] 370776.18288479216
best_BB [[1], [3], [5], [8], [11], [16], [18], [19], [21], [23], [24], [26], [27], [30], [31], [33], [35], [36], [38], [20, 34], [12, 32], [28, 29], [9, 13, 15, 25], [6, 14, 17, 22], [0, 2, 7, 10, 39], [4, 37]] 370749.0189587857
best_BB [[1], [3], [4], [5], [8], [11], [16], [18], [19], [21], [23], [24], [26], [27], [30], [31], [35], [37], [38], [20, 34], [12, 32], [28, 29], [9, 13, 15, 25], [6, 14, 17, 22], [0, 2, 7, 10, 39], [33, 36]] 370708.4028849034
best mpm:  [[1], [3], [4], [5], [8], [11], [16], [18], [19], [21], [23], [24], [26], [27], [30], [31], [35], [37], [38], [20, 34], [12, 32], [28, 29], [9, 13, 15, 25], [6, 14, 17, 22], [0, 2, 7, 10, 39], [33, 36]]
init BB:  [[1], [3], [4], [5], [8], [11], [16], [18], [19], [21], [23], [24], [26], [27], [30], [31], [35], [37], [38], [20, 34], [12, 32], [28, 29], [9, 13, 15, 25], [6, 14, 17, 22], [0, 2, 7, 10, 39], [33, 36]] 1222.4695389185495 369485.9333459849
best_BB [[3], [4], [8], [11], [16], [18], [19], [21], [23], [24], [26], [27], [30], [31], [35], [37], [38], [20, 34], [12, 32], [28, 29], [9, 13, 15, 25], [6, 14, 17, 22], [0, 2, 7, 10, 39], [33, 36], [1, 5]] 370423.32753562985
best_BB [[3], [4], [5], [8], [11], [16], [19], [21], [23], [24], [26], [27], [30], [31], [35], [37], [38], [20, 34], [12, 32], [28, 29], [9, 13, 15, 25], [6, 14, 17, 22], [0, 2, 7, 10, 39], [33, 36], [1, 18]] 370409.00538122543
best_BB [[1], [4], [5], [8], [11], [16], [18], [19], [21], [23], [24], [26], [27], [30], [31], [35], [37], [38], [20, 34], [12, 32], [28, 29], [9, 13, 15, 25], [6, 14, 17, 22], [0, 2, 7, 10, 39], [3, 33, 36]] 370277.1751104694
best_BB [[1], [3], [4], [5], [8], [11], [16], [18], [19], [21], [23], [24], [26], [27], [30], [31], [35], [37], [20, 34], [12, 32], [28, 29], [9, 13, 15, 25], [6, 14, 17, 22], [0, 2, 7, 10, 39], [33, 36, 38]] 370174.33195937827
best mpm:  [[1], [3], [4], [5], [8], [11], [16], [18], [19], [21], [23], [24], [26], [27], [30], [31], [35], [37], [20, 34], [12, 32], [28, 29], [9, 13, 15, 25], [6, 14, 17, 22], [0, 2, 7, 10, 39], [33, 36, 38]]
init BB:  [[1], [3], [4], [5], [8], [11], [16], [18], [19], [21], [23], [24], [26], [27], [30], [31], [35], [37], [20, 34], [12, 32], [28, 29], [9, 13, 15, 25], [6, 14, 17, 22], [0, 2, 7, 10, 39], [33, 36, 38]] 1262.332676057198 368911.9992833211
best_BB [[3], [4], [8], [11], [16], [18], [19], [21], [23], [24], [26], [27], [30], [31], [35], [37], [20, 34], [12, 32], [28, 29], [9, 13, 15, 25], [6, 14, 17, 22], [0, 2, 7, 10, 39], [33, 36, 38], [1, 5]] 369889.2566101047
best_BB [[3], [4], [5], [8], [11], [16], [19], [21], [23], [24], [26], [27], [30], [31], [35], [37], [20, 34], [12, 32], [28, 29], [9, 13, 15, 25], [6, 14, 17, 22], [0, 2, 7, 10, 39], [33, 36, 38], [1, 18]] 369874.93445570016
best_BB [[1], [4], [5], [8], [11], [16], [18], [19], [21], [23], [24], [26], [27], [30], [31], [35], [37], [20, 34], [12, 32], [28, 29], [9, 13, 15, 25], [6, 14, 17, 22], [0, 2, 7, 10, 39], [3, 33, 36, 38]] 369574.7721895619
best mpm:  [[1], [4], [5], [8], [11], [16], [18], [19], [21], [23], [24], [26], [27], [30], [31], [35], [37], [20, 34], [12, 32], [28, 29], [9, 13, 15, 25], [6, 14, 17, 22], [0, 2, 7, 10, 39], [3, 33, 36, 38]]
init BB:  [[1], [4], [5], [8], [11], [16], [18], [19], [21], [23], [24], [26], [27], [30], [31], [35], [37], [20, 34], [12, 32], [28, 29], [9, 13, 15, 25], [6, 14, 17, 22], [0, 2, 7, 10, 39], [3, 33, 36, 38]] 1355.346662714044 368219.4255268479
best_BB [[4], [8], [11], [16], [18], [19], [21], [23], [24], [26], [27], [30], [31], [35], [37], [20, 34], [12, 32], [28, 29], [9, 13, 15, 25], [6, 14, 17, 22], [0, 2, 7, 10, 39], [3, 33, 36, 38], [1, 5]] 369289.6968402883
best_BB [[4], [5], [8], [11], [16], [19], [21], [23], [24], [26], [27], [30], [31], [35], [37], [20, 34], [12, 32], [28, 29], [9, 13, 15, 25], [6, 14, 17, 22], [0, 2, 7, 10, 39], [3, 33, 36, 38], [1, 18]] 369275.3746858838
best_BB [[1], [5], [8], [11], [16], [18], [19], [23], [24], [26], [27], [30], [31], [35], [37], [20, 34], [12, 32], [28, 29], [9, 13, 15, 25], [6, 14, 17, 22], [0, 2, 7, 10, 39], [3, 33, 36, 38], [4, 21]] 369234.1494428281
best_BB [[1], [5], [8], [11], [16], [18], [19], [21], [23], [24], [26], [27], [30], [31], [35], [20, 34], [12, 32], [28, 29], [9, 13, 15, 25], [6, 14, 17, 22], [0, 2, 7, 10, 39], [3, 33, 36, 38], [4, 37]] 369206.9855168217
best_BB [[1], [4], [5], [8], [11], [16], [18], [19], [21], [24], [26], [27], [30], [31], [35], [37], [20, 34], [12, 32], [28, 29], [9, 13, 15, 25], [6, 14, 17, 22], [0, 2, 7, 10, 39], [3, 23, 33, 36, 38]] 368696.2664247518
best mpm:  [[1], [4], [5], [8], [11], [16], [18], [19], [21], [24], [26], [27], [30], [31], [35], [37], [20, 34], [12, 32], [28, 29], [9, 13, 15, 25], [6, 14, 17, 22], [0, 2, 7, 10, 39], [3, 23, 33, 36, 38]]
init BB:  [[1], [4], [5], [8], [11], [16], [18], [19], [21], [24], [26], [27], [30], [31], [35], [37], [20, 34], [12, 32], [28, 29], [9, 13, 15, 25], [6, 14, 17, 22], [0, 2, 7, 10, 39], [3, 23, 33, 36, 38]] 1554.6623484072857 367141.6040763445
best_BB [[4], [8], [11], [16], [18], [19], [21], [24], [26], [27], [30], [31], [35], [37], [20, 34], [12, 32], [28, 29], [9, 13, 15, 25], [6, 14, 17, 22], [0, 2, 7, 10, 39], [3, 23, 33, 36, 38], [1, 5]] 368411.1910754781
best_BB [[4], [5], [8], [11], [16], [19], [21], [24], [26], [27], [30], [31], [35], [37], [20, 34], [12, 32], [28, 29], [9, 13, 15, 25], [6, 14, 17, 22], [0, 2, 7, 10, 39], [3, 23, 33, 36, 38], [1, 18]] 368396.8689210737
best_BB [[1], [5], [8], [11], [16], [18], [19], [24], [26], [27], [30], [31], [35], [37], [20, 34], [12, 32], [28, 29], [9, 13, 15, 25], [6, 14, 17, 22], [0, 2, 7, 10, 39], [3, 23, 33, 36, 38], [4, 21]] 368355.6436780181
best_BB [[1], [5], [8], [11], [16], [18], [19], [21], [24], [26], [27], [30], [31], [35], [20, 34], [12, 32], [28, 29], [9, 13, 15, 25], [6, 14, 17, 22], [0, 2, 7, 10, 39], [3, 23, 33, 36, 38], [4, 37]] 368328.4797520116
best mpm:  [[1], [5], [8], [11], [16], [18], [19], [21], [24], [26], [27], [30], [31], [35], [20, 34], [12, 32], [28, 29], [9, 13, 15, 25], [6, 14, 17, 22], [0, 2, 7, 10, 39], [3, 23, 33, 36, 38], [4, 37]]
init BB:  [[1], [5], [8], [11], [16], [18], [19], [21], [24], [26], [27], [30], [31], [35], [20, 34], [12, 32], [28, 29], [9, 13, 15, 25], [6, 14, 17, 22], [0, 2, 7, 10, 39], [3, 23, 33, 36, 38], [4, 37]] 1567.9500607868351 366760.52969122474
best_BB [[8], [11], [16], [18], [19], [21], [24], [26], [27], [30], [31], [35], [20, 34], [12, 32], [28, 29], [9, 13, 15, 25], [6, 14, 17, 22], [0, 2, 7, 10, 39], [3, 23, 33, 36, 38], [4, 37], [1, 5]] 368043.40440273803
best_BB [[5], [8], [11], [16], [19], [21], [24], [26], [27], [30], [31], [35], [20, 34], [12, 32], [28, 29], [9, 13, 15, 25], [6, 14, 17, 22], [0, 2, 7, 10, 39], [3, 23, 33, 36, 38], [4, 37], [1, 18]] 368029.08224833367
best_BB [[1], [5], [8], [11], [16], [18], [21], [24], [26], [27], [30], [31], [35], [20, 34], [12, 32], [28, 29], [9, 13, 15, 25], [6, 14, 17, 22], [0, 2, 7, 10, 39], [3, 23, 33, 36, 38], [4, 19, 37]] 367793.27259812166
best_BB [[1], [5], [8], [11], [16], [18], [19], [24], [26], [27], [30], [31], [35], [20, 34], [12, 32], [28, 29], [9, 13, 15, 25], [6, 14, 17, 22], [0, 2, 7, 10, 39], [3, 23, 33, 36, 38], [4, 21, 37]] 367729.08418784244
best mpm:  [[1], [5], [8], [11], [16], [18], [19], [24], [26], [27], [30], [31], [35], [20, 34], [12, 32], [28, 29], [9, 13, 15, 25], [6, 14, 17, 22], [0, 2, 7, 10, 39], [3, 23, 33, 36, 38], [4, 21, 37]]
init BB:  [[1], [5], [8], [11], [16], [18], [19], [24], [26], [27], [30], [31], [35], [20, 34], [12, 32], [28, 29], [9, 13, 15, 25], [6, 14, 17, 22], [0, 2, 7, 10, 39], [3, 23, 33, 36, 38], [4, 21, 37]] 1607.8131979254836 366121.2709899169
best_BB [[8], [11], [16], [18], [19], [24], [26], [27], [30], [31], [35], [20, 34], [12, 32], [28, 29], [9, 13, 15, 25], [6, 14, 17, 22], [0, 2, 7, 10, 39], [3, 23, 33, 36, 38], [4, 21, 37], [1, 5]] 367444.0088385686
best_BB [[5], [8], [11], [16], [19], [24], [26], [27], [30], [31], [35], [20, 34], [12, 32], [28, 29], [9, 13, 15, 25], [6, 14, 17, 22], [0, 2, 7, 10, 39], [3, 23, 33, 36, 38], [4, 21, 37], [1, 18]] 367429.68668416416
best_BB [[1], [5], [8], [11], [16], [18], [24], [26], [27], [30], [31], [35], [20, 34], [12, 32], [28, 29], [9, 13, 15, 25], [6, 14, 17, 22], [0, 2, 7, 10, 39], [3, 23, 33, 36, 38], [4, 19, 21, 37]] 366891.70919020043
best mpm:  [[1], [5], [8], [11], [16], [18], [24], [26], [27], [30], [31], [35], [20, 34], [12, 32], [28, 29], [9, 13, 15, 25], [6, 14, 17, 22], [0, 2, 7, 10, 39], [3, 23, 33, 36, 38], [4, 19, 21, 37]]
init BB:  [[1], [5], [8], [11], [16], [18], [24], [26], [27], [30], [31], [35], [20, 34], [12, 32], [28, 29], [9, 13, 15, 25], [6, 14, 17, 22], [0, 2, 7, 10, 39], [3, 23, 33, 36, 38], [4, 19, 21, 37]] 1700.8271845823297 365190.8820056181
best_BB [[8], [11], [16], [18], [24], [26], [27], [30], [31], [35], [20, 34], [12, 32], [28, 29], [9, 13, 15, 25], [6, 14, 17, 22], [0, 2, 7, 10, 39], [3, 23, 33, 36, 38], [4, 19, 21, 37], [1, 5]] 366606.6338409266
best_BB [[5], [8], [11], [16], [24], [26], [27], [30], [31], [35], [20, 34], [12, 32], [28, 29], [9, 13, 15, 25], [6, 14, 17, 22], [0, 2, 7, 10, 39], [3, 23, 33, 36, 38], [4, 19, 21, 37], [1, 18]] 366592.31168652227
best_BB [[1], [5], [8], [11], [16], [18], [24], [26], [27], [30], [31], [20, 34], [12, 32], [28, 29], [9, 13, 15, 25], [6, 14, 17, 22], [0, 2, 7, 10, 39], [3, 23, 33, 36, 38], [4, 19, 21, 35, 37]] 365569.2904806359
best mpm:  [[1], [5], [8], [11], [16], [18], [24], [26], [27], [30], [31], [20, 34], [12, 32], [28, 29], [9, 13, 15, 25], [6, 14, 17, 22], [0, 2, 7, 10, 39], [3, 23, 33, 36, 38], [4, 19, 21, 35, 37]]
init BB:  [[1], [5], [8], [11], [16], [18], [24], [26], [27], [30], [31], [20, 34], [12, 32], [28, 29], [9, 13, 15, 25], [6, 14, 17, 22], [0, 2, 7, 10, 39], [3, 23, 33, 36, 38], [4, 19, 21, 35, 37]] 1900.1428702755713 363669.1476103603
best_BB [[8], [11], [16], [18], [24], [26], [27], [30], [31], [20, 34], [12, 32], [28, 29], [9, 13, 15, 25], [6, 14, 17, 22], [0, 2, 7, 10, 39], [3, 23, 33, 36, 38], [4, 19, 21, 35, 37], [1, 5]] 365284.215131362
best_BB [[5], [8], [11], [16], [24], [26], [27], [30], [31], [20, 34], [12, 32], [28, 29], [9, 13, 15, 25], [6, 14, 17, 22], [0, 2, 7, 10, 39], [3, 23, 33, 36, 38], [4, 19, 21, 35, 37], [1, 18]] 365269.8929769577
best mpm:  [[5], [8], [11], [16], [24], [26], [27], [30], [31], [20, 34], [12, 32], [28, 29], [9, 13, 15, 25], [6, 14, 17, 22], [0, 2, 7, 10, 39], [3, 23, 33, 36, 38], [4, 19, 21, 35, 37], [1, 18]]
init BB:  [[5], [8], [11], [16], [24], [26], [27], [30], [31], [20, 34], [12, 32], [28, 29], [9, 13, 15, 25], [6, 14, 17, 22], [0, 2, 7, 10, 39], [3, 23, 33, 36, 38], [4, 19, 21, 35, 37], [1, 18]] 1913.4305826551208 363356.4623943026
best_BB [[8], [11], [16], [24], [26], [27], [30], [31], [20, 34], [12, 32], [28, 29], [9, 13, 15, 25], [6, 14, 17, 22], [0, 2, 7, 10, 39], [3, 23, 33, 36, 38], [4, 19, 21, 35, 37], [1, 5, 18]] 362584.733481889
best mpm:  [[8], [11], [16], [24], [26], [27], [30], [31], [20, 34], [12, 32], [28, 29], [9, 13, 15, 25], [6, 14, 17, 22], [0, 2, 7, 10, 39], [3, 23, 33, 36, 38], [4, 19, 21, 35, 37], [1, 5, 18]]
init BB:  [[8], [11], [16], [24], [26], [27], [30], [31], [20, 34], [12, 32], [28, 29], [9, 13, 15, 25], [6, 14, 17, 22], [0, 2, 7, 10, 39], [3, 23, 33, 36, 38], [4, 19, 21, 35, 37], [1, 5, 18]] 1953.2937197937692 360631.4397620952
best_BB [[8], [24], [26], [27], [30], [31], [20, 34], [12, 32], [28, 29], [9, 13, 15, 25], [6, 14, 17, 22], [0, 2, 7, 10, 39], [3, 23, 33, 36, 38], [4, 19, 21, 35, 37], [1, 5, 18], [11, 16]] 362374.5776612224
best_BB [[8], [11], [24], [26], [30], [31], [20, 34], [12, 32], [28, 29], [9, 13, 15, 25], [6, 14, 17, 22], [0, 2, 7, 10, 39], [3, 23, 33, 36, 38], [4, 19, 21, 35, 37], [1, 5, 18], [16, 27]] 362288.96100527234
best mpm:  [[8], [11], [24], [26], [30], [31], [20, 34], [12, 32], [28, 29], [9, 13, 15, 25], [6, 14, 17, 22], [0, 2, 7, 10, 39], [3, 23, 33, 36, 38], [4, 19, 21, 35, 37], [1, 5, 18], [16, 27]]
init BB:  [[8], [11], [24], [26], [30], [31], [20, 34], [12, 32], [28, 29], [9, 13, 15, 25], [6, 14, 17, 22], [0, 2, 7, 10, 39], [3, 23, 33, 36, 38], [4, 19, 21, 35, 37], [1, 5, 18], [16, 27]] 1966.5814321733187 360322.379573099
best_BB [[8], [26], [30], [31], [20, 34], [12, 32], [28, 29], [9, 13, 15, 25], [6, 14, 17, 22], [0, 2, 7, 10, 39], [3, 23, 33, 36, 38], [4, 19, 21, 35, 37], [1, 5, 18], [16, 27], [11, 24]] 362096.24085271126
best_BB [[8], [24], [26], [30], [20, 34], [12, 32], [28, 29], [9, 13, 15, 25], [6, 14, 17, 22], [0, 2, 7, 10, 39], [3, 23, 33, 36, 38], [4, 19, 21, 35, 37], [1, 5, 18], [16, 27], [11, 31]] 362094.8734646961
best_BB [[8], [24], [26], [30], [31], [20, 34], [12, 32], [28, 29], [9, 13, 15, 25], [6, 14, 17, 22], [0, 2, 7, 10, 39], [3, 23, 33, 36, 38], [4, 19, 21, 35, 37], [1, 5, 18], [11, 16, 27]] 361838.4628421131
best_BB [[8], [11], [24], [26], [30], [20, 34], [12, 32], [28, 29], [9, 13, 15, 25], [6, 14, 17, 22], [0, 2, 7, 10, 39], [3, 23, 33, 36, 38], [4, 19, 21, 35, 37], [1, 5, 18], [16, 27, 31]] 361793.61131682416
best mpm:  [[8], [11], [24], [26], [30], [20, 34], [12, 32], [28, 29], [9, 13, 15, 25], [6, 14, 17, 22], [0, 2, 7, 10, 39], [3, 23, 33, 36, 38], [4, 19, 21, 35, 37], [1, 5, 18], [16, 27, 31]]
init BB:  [[8], [11], [24], [26], [30], [20, 34], [12, 32], [28, 29], [9, 13, 15, 25], [6, 14, 17, 22], [0, 2, 7, 10, 39], [3, 23, 33, 36, 38], [4, 19, 21, 35, 37], [1, 5, 18], [16, 27, 31]] 2006.444569311967 359787.1667475122
best_BB [[8], [26], [30], [20, 34], [12, 32], [28, 29], [9, 13, 15, 25], [6, 14, 17, 22], [0, 2, 7, 10, 39], [3, 23, 33, 36, 38], [4, 19, 21, 35, 37], [1, 5, 18], [16, 27, 31], [11, 24]] 361600.89116426307
best_BB [[8], [24], [26], [30], [20, 34], [12, 32], [28, 29], [9, 13, 15, 25], [6, 14, 17, 22], [0, 2, 7, 10, 39], [3, 23, 33, 36, 38], [4, 19, 21, 35, 37], [1, 5, 18], [11, 16, 27, 31]] 361116.855309722
best mpm:  [[8], [24], [26], [30], [20, 34], [12, 32], [28, 29], [9, 13, 15, 25], [6, 14, 17, 22], [0, 2, 7, 10, 39], [3, 23, 33, 36, 38], [4, 19, 21, 35, 37], [1, 5, 18], [11, 16, 27, 31]]
init BB:  [[8], [24], [26], [30], [20, 34], [12, 32], [28, 29], [9, 13, 15, 25], [6, 14, 17, 22], [0, 2, 7, 10, 39], [3, 23, 33, 36, 38], [4, 19, 21, 35, 37], [1, 5, 18], [11, 16, 27, 31]] 2099.458555968813 359017.3967537532
best_BB [[8], [26], [30], [20, 34], [12, 32], [28, 29], [9, 13, 15, 25], [6, 14, 17, 22], [0, 2, 7, 10, 39], [3, 23, 33, 36, 38], [4, 19, 21, 35, 37], [1, 5, 18], [11, 16, 24, 27, 31]] 359999.62193137786
best mpm:  [[8], [26], [30], [20, 34], [12, 32], [28, 29], [9, 13, 15, 25], [6, 14, 17, 22], [0, 2, 7, 10, 39], [3, 23, 33, 36, 38], [4, 19, 21, 35, 37], [1, 5, 18], [11, 16, 24, 27, 31]]
init BB:  [[8], [26], [30], [20, 34], [12, 32], [28, 29], [9, 13, 15, 25], [6, 14, 17, 22], [0, 2, 7, 10, 39], [3, 23, 33, 36, 38], [4, 19, 21, 35, 37], [1, 5, 18], [11, 16, 24, 27, 31]] 2298.774241662055 357700.8476897158
[[8], [26], [30], [20, 34], [12, 32], [28, 29], [9, 13, 15, 25], [6, 14, 17, 22], [0, 2, 7, 10, 39], [3, 23, 33, 36, 38], [4, 19, 21, 35, 37], [1, 5, 18], [11, 16, 24, 27, 31]]
[[0, 2, 7, 10, 39], [1, 5, 18], [3, 23, 33, 36, 38], [4, 19, 21, 35, 37], [6, 14, 17, 22], [8], [9, 13, 15, 25], [11, 16, 24, 27, 31], [12, 32], [20, 34], [26], [28, 29], [30]]
5 0 2 7 10 39
3 1 5 18
5 3 23 33 36 38
5 4 19 21 35 37
4 6 14 17 22
1 8
4 9 13 15 25
5 11 16 24 27 31
2 12 32
2 20 34
1 26
2 28 29
1 30
